1630886400000,308.70000000,308.80000000,308.70000000,308.80000000,1.70900000,1630886459999,527.57730000,7,0.72600000,224.12520000,0
1630886460000,308.80000000,308.90000000,308.80000000,308.80000000,6.61000000,1630886519999,2041.30150000,15,3.88500000,1199.82150000,0
1630886520000,308.80000000,308.80000000,308.80000000,308.80000000,0.00000000,1630886579999,0.00000000,0,0.00000000,0.00000000,0
1630886580000,308.90000000,308.90000000,308.20000000,308.70000000,0.17400000,1630886639999,53.66890000,4,0.07100000,21.92430000,0
1630886640000,308.70000000,308.70000000,308.70000000,308.70000000,0.00000000,1630886699999,0.00000000,0,0.00000000,0.00000000,0
1630886700000,308.90000000,309.00000000,308.90000000,309.00000000,0.35900000,1630886759999,110.92450000,2,0.35900000,110.92450000,0
1630886760000,308.90000000,309.00000000,308.90000000,309.00000000,0.04800000,1630886819999,14.83040000,2,0.03200000,9.88800000,0
1630886820000,309.00000000,309.00000000,309.00000000,309.00000000,0.00000000,1630886879999,0.00000000,0,0.00000000,0.00000000,0
1630886880000,309.00000000,309.00000000,309.00000000,309.00000000,0.00000000,1630886939999,0.00000000,0,0.00000000,0.00000000,0
1630886940000,309.00000000,309.00000000,309.00000000,309.00000000,0.00000000,1630886999999,0.00000000,0,0.00000000,0.00000000,0
1630887000000,309.00000000,309.00000000,309.00000000,309.00000000,0.00000000,1630887059999,0.00000000,0,0.00000000,0.00000000,0
1630887060000,309.00000000,309.00000000,309.00000000,309.00000000,0.00000000,1630887119999,0.00000000,0,0.00000000,0.00000000,0
1630887120000,309.00000000,309.00000000,309.00000000,309.00000000,0.42900000,1630887179999,132.56100000,1,0.42900000,132.56100000,0
1630887180000,309.00000000,309.00000000,309.00000000,309.00000000,0.00000000,1630887239999,0.00000000,0,0.00000000,0.00000000,0
1630887240000,309.00000000,309.00000000,309.00000000,309.00000000,0.00000000,1630887299999,0.00000000,0,0.00000000,0.00000000,0
1630887300000,309.00000000,309.00000000,309.00000000,309.00000000,0.00000000,1630887359999,0.00000000,0,0.00000000,0.00000000,0
1630887360000,309.00000000,309.00000000,309.00000000,309.00000000,0.00000000,1630887419999,0.00000000,0,0.00000000,0.00000000,0
1630887420000,308.20000000,308.20000000,308.20000000,308.20000000,0.04700000,1630887479999,14.48540000,1,0.00000000,0.00000000,0
1630887480000,308.20000000,308.20000000,308.00000000,308.00000000,0.69900000,1630887539999,215.36060000,4,0.00000000,0.00000000,0
1630887540000,308.00000000,308.00000000,308.00000000,308.00000000,0.13300000,1630887599999,40.96400000,2,0.03300000,10.16400000,0
1630887600000,307.90000000,308.00000000,307.90000000,308.00000000,0.41500000,1630887659999,127.81450000,3,0.41500000,127.81450000,0
1630887660000,308.00000000,308.00000000,308.00000000,308.00000000,0.00000000,1630887719999,0.00000000,0,0.00000000,0.00000000,0
1630887720000,308.00000000,308.00000000,308.00000000,308.00000000,0.00000000,1630887779999,0.00000000,0,0.00000000,0.00000000,0
1630887780000,308.00000000,308.00000000,308.00000000,308.00000000,0.00000000,1630887839999,0.00000000,0,0.00000000,0.00000000,0
1630887840000,308.00000000,308.00000000,308.00000000,308.00000000,1.17000000,1630887899999,360.36000000,2,0.00000000,0.00000000,0
1630887900000,308.00000000,308.00000000,308.00000000,308.00000000,0.29900000,1630887959999,92.09200000,1,0.00000000,0.00000000,0
1630887960000,308.00000000,308.00000000,308.00000000,308.00000000,0.49000000,1630888019999,150.92000000,2,0.00000000,0.00000000,0
1630888020000,308.00000000,308.00000000,308.00000000,308.00000000,0.00000000,1630888079999,0.00000000,0,0.00000000,0.00000000,0
1630888080000,308.00000000,308.00000000,307.50000000,307.50000000,0.73400000,1630888139999,226.02720000,4,0.00000000,0.00000000,0
1630888140000,307.50000000,307.50000000,307.50000000,307.50000000,0.00000000,1630888199999,0.00000000,0,0.00000000,0.00000000,0
1630888200000,307.50000000,307.50000000,307.50000000,307.50000000,0.00000000,1630888259999,0.00000000,0,0.00000000,0.00000000,0
1630888260000,307.20000000,307.20000000,306.20000000,306.20000000,0.94100000,1630888319999,288.30210000,6,0.00000000,0.00000000,0
1630888320000,306.20000000,306.20000000,306.20000000,306.20000000,3.27000000,1630888379999,1001.27400000,11,1.64100000,502.47420000,0
1630888380000,306.20000000,306.20000000,306.20000000,306.20000000,0.04100000,1630888439999,12.55420000,1,0.04100000,12.55420000,0
1630888440000,306.20000000,306.20000000,306.20000000,306.20000000,0.99900000,1630888499999,305.89380000,1,0.00000000,0.00000000,0
1630888500000,307.10000000,307.10000000,307.10000000,307.10000000,0.45800000,1630888559999,140.65180000,3,0.35800000,109.94180000,0
1630888560000,307.10000000,307.10000000,306.30000000,306.90000000,11.28000000,1630888619999,3463.64450000,6,0.32500000,99.74250000,0
1630888620000,306.90000000,306.90000000,306.90000000,306.90000000,0.00000000,1630888679999,0.00000000,0,0.00000000,0.00000000,0
1630888680000,306.90000000,306.90000000,306.90000000,306.90000000,0.00000000,1630888739999,0.00000000,0,0.00000000,0.00000000,0
1630888740000,306.90000000,306.90000000,306.90000000,306.90000000,0.00000000,1630888799999,0.00000000,0,0.00000000,0.00000000,0
1630888800000,306.90000000,306.90000000,306.90000000,306.90000000,0.00000000,1630888859999,0.00000000,0,0.00000000,0.00000000,0
1630888860000,306.90000000,306.90000000,306.90000000,306.90000000,0.00000000,1630888919999,0.00000000,0,0.00000000,0.00000000,0
1630888920000,306.30000000,306.30000000,305.80000000,305.80000000,10.89200000,1630888979999,3333.97790000,23,0.00000000,0.00000000,0
1630888980000,305.80000000,305.80000000,305.80000000,305.80000000,0.00000000,1630889039999,0.00000000,0,0.00000000,0.00000000,0
1630889040000,305.80000000,305.80000000,305.80000000,305.80000000,0.00000000,1630889099999,0.00000000,0,0.00000000,0.00000000,0
1630889100000,305.80000000,305.80000000,305.80000000,305.80000000,0.00000000,1630889159999,0.00000000,0,0.00000000,0.00000000,0
1630889160000,306.70000000,306.70000000,306.70000000,306.70000000,0.09600000,1630889219999,29.44320000,1,0.09600000,29.44320000,0
1630889220000,306.70000000,306.80000000,306.70000000,306.80000000,0.32600000,1630889279999,99.98810000,3,0.32600000,99.98810000,0
1630889280000,306.80000000,306.80000000,306.80000000,306.80000000,0.00000000,1630889339999,0.00000000,0,0.00000000,0.00000000,0
1630889340000,306.20000000,306.20000000,306.20000000,306.20000000,0.38000000,1630889399999,116.35600000,2,0.00000000,0.00000000,0
1630889400000,306.10000000,306.10000000,305.90000000,305.90000000,4.03600000,1630889459999,1235.24100000,5,0.00000000,0.00000000,0
1630889460000,305.90000000,305.90000000,305.90000000,305.90000000,0.10300000,1630889519999,31.50770000,1,0.00000000,0.00000000,0
1630889520000,305.90000000,305.90000000,305.90000000,305.90000000,0.00000000,1630889579999,0.00000000,0,0.00000000,0.00000000,0
1630889580000,305.90000000,305.90000000,305.90000000,305.90000000,0.00000000,1630889639999,0.00000000,0,0.00000000,0.00000000,0
1630889640000,305.90000000,305.90000000,305.90000000,305.90000000,0.00000000,1630889699999,0.00000000,0,0.00000000,0.00000000,0
1630889700000,305.90000000,305.90000000,305.90000000,305.90000000,0.00000000,1630889759999,0.00000000,0,0.00000000,0.00000000,0
1630889760000,305.90000000,305.90000000,305.90000000,305.90000000,1.39600000,1630889819999,427.03640000,1,0.00000000,0.00000000,0
1630889820000,305.90000000,305.90000000,304.90000000,305.20000000,39.20800000,1630889879999,11961.98040000,31,0.53300000,162.57200000,0
1630889880000,305.20000000,305.20000000,305.20000000,305.20000000,0.00000000,1630889939999,0.00000000,0,0.00000000,0.00000000,0
1630889940000,305.10000000,305.10000000,305.10000000,305.10000000,2.18300000,1630889999999,666.03330000,4,0.60800000,185.50080000,0
1630890000000,305.10000000,305.10000000,305.10000000,305.10000000,1.58000000,1630890059999,482.05800000,3,1.58000000,482.05800000,0
1630890060000,305.00000000,305.00000000,305.00000000,305.00000000,0.19500000,1630890119999,59.47500000,1,0.00000000,0.00000000,0
1630890120000,305.10000000,305.10000000,305.10000000,305.10000000,0.04900000,1630890179999,14.94990000,1,0.04900000,14.94990000,0
1630890180000,305.10000000,305.10000000,305.00000000,305.00000000,0.39300000,1630890239999,119.89780000,2,0.32800000,100.07280000,0
1630890240000,305.00000000,305.00000000,305.00000000,305.00000000,1.50000000,1630890299999,457.50000000,1,0.00000000,0.00000000,0
1630890300000,304.90000000,304.90000000,304.90000000,304.90000000,0.11400000,1630890359999,34.75860000,1,0.00000000,0.00000000,0
1630890360000,304.90000000,304.90000000,304.90000000,304.90000000,0.00000000,1630890419999,0.00000000,0,0.00000000,0.00000000,0
1630890420000,304.90000000,304.90000000,304.90000000,304.90000000,0.12700000,1630890479999,38.72230000,1,0.00000000,0.00000000,0
1630890480000,305.10000000,305.10000000,305.10000000,305.10000000,1.36200000,1630890539999,415.54620000,1,1.36200000,415.54620000,0
1630890540000,305.10000000,305.10000000,305.10000000,305.10000000,0.00000000,1630890599999,0.00000000,0,0.00000000,0.00000000,0
1630890600000,305.10000000,305.10000000,305.10000000,305.10000000,0.03600000,1630890659999,10.98360000,1,0.03600000,10.98360000,0
1630890660000,305.10000000,305.10000000,305.10000000,305.10000000,0.00000000,1630890719999,0.00000000,0,0.00000000,0.00000000,0
1630890720000,305.10000000,305.10000000,305.10000000,305.10000000,0.00000000,1630890779999,0.00000000,0,0.00000000,0.00000000,0
1630890780000,305.10000000,305.10000000,305.10000000,305.10000000,0.00000000,1630890839999,0.00000000,0,0.00000000,0.00000000,0
1630890840000,305.10000000,305.10000000,305.10000000,305.10000000,10.48800000,1630890899999,3199.88880000,10,10.48800000,3199.88880000,0
1630890900000,305.10000000,305.10000000,305.10000000,305.10000000,0.00000000,1630890959999,0.00000000,0,0.00000000,0.00000000,0
1630890960000,305.10000000,305.10000000,305.10000000,305.10000000,0.00000000,1630891019999,0.00000000,0,0.00000000,0.00000000,0
1630891020000,305.40000000,305.40000000,305.40000000,305.40000000,0.03200000,1630891079999,9.77280000,1,0.03200000,9.77280000,0
1630891080000,305.40000000,305.40000000,305.40000000,305.40000000,0.09800000,1630891139999,29.92920000,1,0.09800000,29.92920000,0
1630891140000,305.40000000,305.40000000,305.40000000,305.40000000,0.00000000,1630891199999,0.00000000,0,0.00000000,0.00000000,0
1630891200000,305.00000000,305.00000000,305.00000000,305.00000000,2.72400000,1630891259999,830.82000000,1,0.00000000,0.00000000,0
1630891260000,305.40000000,305.40000000,305.40000000,305.40000000,0.18000000,1630891319999,54.97200000,4,0.18000000,54.97200000,0
1630891320000,305.00000000,305.00000000,305.00000000,305.00000000,0.17300000,1630891379999,52.76500000,1,0.00000000,0.00000000,0
1630891380000,305.40000000,305.40000000,305.40000000,305.40000000,0.56000000,1630891439999,171.02400000,1,0.56000000,171.02400000,0
1630891440000,305.50000000,305.50000000,305.50000000,305.50000000,3.44600000,1630891499999,1052.75300000,1,3.44600000,1052.75300000,0
1630891500000,305.50000000,305.50000000,305.50000000,305.50000000,0.00000000,1630891559999,0.00000000,0,0.00000000,0.00000000,0
1630891560000,305.00000000,305.00000000,304.90000000,304.90000000,0.81700000,1630891619999,249.13940000,3,0.00000000,0.00000000,0
1630891620000,305.40000000,305.40000000,305.40000000,305.40000000,0.15000000,1630891679999,45.81000000,1,0.15000000,45.81000000,0
1630891680000,305.00000000,305.40000000,305.00000000,305.40000000,0.47100000,1630891739999,143.78660000,4,0.32900000,100.47660000,0
1630891740000,305.00000000,305.00000000,304.70000000,304.70000000,3.44200000,1630891799999,1049.23890000,7,0.00000000,0.00000000,0
1630891800000,304.70000000,304.70000000,304.70000000,304.70000000,0.00000000,1630891859999,0.00000000,0,0.00000000,0.00000000,0
1630891860000,305.40000000,305.40000000,305.40000000,305.40000000,0.06400000,1630891919999,19.54560000,1,0.06400000,19.54560000,0
1630891920000,305.40000000,305.40000000,305.40000000,305.40000000,0.00000000,1630891979999,0.00000000,0,0.00000000,0.00000000,0
1630891980000,304.90000000,304.90000000,304.70000000,304.70000000,5.72200000,1630892039999,1744.49340000,4,0.00000000,0.00000000,0
1630892040000,304.70000000,304.70000000,304.70000000,304.70000000,0.00000000,1630892099999,0.00000000,0,0.00000000,0.00000000,0
1630892100000,305.40000000,305.40000000,304.70000000,304.70000000,0.36700000,1630892159999,111.86310000,3,0.00000000,0.00000000,0
1630892160000,305.20000000,305.30000000,305.20000000,305.30000000,0.70700000,1630892219999,215.80230000,3,0.70700000,215.80230000,0
1630892220000,305.30000000,305.30000000,305.30000000,305.30000000,0.00000000,1630892279999,0.00000000,0,0.00000000,0.00000000,0
1630892280000,305.30000000,305.30000000,305.30000000,305.30000000,0.00000000,1630892339999,0.00000000,0,0.00000000,0.00000000,0
1630892340000,305.30000000,305.30000000,305.30000000,305.30000000,0.00000000,1630892399999,0.00000000,0,0.00000000,0.00000000,0
1630892400000,305.30000000,305.30000000,305.30000000,305.30000000,0.00000000,1630892459999,0.00000000,0,0.00000000,0.00000000,0
1630892460000,305.30000000,305.40000000,305.30000000,305.40000000,0.52600000,1630892519999,160.63690000,2,0.52600000,160.63690000,0
1630892520000,305.80000000,305.80000000,305.50000000,305.50000000,0.09400000,1630892579999,28.72660000,2,0.03200000,9.78560000,0
1630892580000,305.50000000,305.50000000,305.40000000,305.40000000,1.15100000,1630892639999,351.61690000,5,0.61300000,187.27150000,0
1630892640000,305.40000000,305.40000000,305.40000000,305.40000000,0.00000000,1630892699999,0.00000000,0,0.00000000,0.00000000,0
1630892700000,305.40000000,305.40000000,305.40000000,305.40000000,0.00000000,1630892759999,0.00000000,0,0.00000000,0.00000000,0
1630892760000,305.40000000,305.40000000,305.40000000,305.40000000,1.19700000,1630892819999,365.56380000,1,0.00000000,0.00000000,0
1630892820000,305.40000000,305.40000000,305.40000000,305.40000000,0.06300000,1630892879999,19.24020000,1,0.00000000,0.00000000,0
1630892880000,305.40000000,305.40000000,305.40000000,305.40000000,0.00000000,1630892939999,0.00000000,0,0.00000000,0.00000000,0
1630892940000,305.40000000,305.40000000,305.40000000,305.40000000,0.00000000,1630892999999,0.00000000,0,0.00000000,0.00000000,0
1630893000000,305.40000000,305.40000000,305.40000000,305.40000000,0.00000000,1630893059999,0.00000000,0,0.00000000,0.00000000,0
1630893060000,305.40000000,305.40000000,305.40000000,305.40000000,7.87900000,1630893119999,2406.24660000,3,0.00000000,0.00000000,0
1630893120000,304.70000000,304.70000000,304.70000000,304.70000000,0.03900000,1630893179999,11.88330000,1,0.00000000,0.00000000,0
1630893180000,304.70000000,304.70000000,304.70000000,304.70000000,0.00000000,1630893239999,0.00000000,0,0.00000000,0.00000000,0
1630893240000,304.70000000,305.40000000,304.70000000,305.40000000,0.46200000,1630893299999,140.91630000,2,0.20700000,63.21780000,0
1630893300000,305.40000000,305.40000000,305.40000000,305.40000000,0.25700000,1630893359999,78.48780000,3,0.25700000,78.48780000,0
1630893360000,305.40000000,305.40000000,305.40000000,305.40000000,0.00000000,1630893419999,0.00000000,0,0.00000000,0.00000000,0
1630893420000,305.50000000,305.50000000,305.50000000,305.50000000,0.13400000,1630893479999,40.93700000,1,0.13400000,40.93700000,0
1630893480000,305.50000000,305.50000000,305.50000000,305.50000000,0.00000000,1630893539999,0.00000000,0,0.00000000,0.00000000,0
1630893540000,305.50000000,305.50000000,305.50000000,305.50000000,0.00000000,1630893599999,0.00000000,0,0.00000000,0.00000000,0
1630893600000,305.50000000,305.50000000,305.50000000,305.50000000,0.00000000,1630893659999,0.00000000,0,0.00000000,0.00000000,0
1630893660000,305.50000000,305.50000000,305.50000000,305.50000000,0.00000000,1630893719999,0.00000000,0,0.00000000,0.00000000,0
1630893720000,305.50000000,305.50000000,305.50000000,305.50000000,0.28200000,1630893779999,86.15100000,2,0.28200000,86.15100000,0
1630893780000,305.50000000,305.50000000,305.50000000,305.50000000,0.00000000,1630893839999,0.00000000,0,0.00000000,0.00000000,0
1630893840000,305.50000000,305.50000000,305.50000000,305.50000000,0.00000000,1630893899999,0.00000000,0,0.00000000,0.00000000,0
1630893900000,305.50000000,305.50000000,305.50000000,305.50000000,0.00000000,1630893959999,0.00000000,0,0.00000000,0.00000000,0
1630893960000,305.50000000,305.50000000,305.50000000,305.50000000,0.00000000,1630894019999,0.00000000,0,0.00000000,0.00000000,0
1630894020000,305.50000000,305.50000000,305.50000000,305.50000000,0.00000000,1630894079999,0.00000000,0,0.00000000,0.00000000,0
1630894080000,305.50000000,305.50000000,305.50000000,305.50000000,0.00000000,1630894139999,0.00000000,0,0.00000000,0.00000000,0
1630894140000,305.50000000,305.50000000,305.50000000,305.50000000,0.00000000,1630894199999,0.00000000,0,0.00000000,0.00000000,0
1630894200000,305.00000000,305.00000000,305.00000000,305.00000000,5.00100000,1630894259999,1525.30500000,5,4.51600000,1377.38000000,0
1630894260000,305.00000000,305.00000000,305.00000000,305.00000000,0.00000000,1630894319999,0.00000000,0,0.00000000,0.00000000,0
1630894320000,305.00000000,305.00000000,305.00000000,305.00000000,0.00000000,1630894379999,0.00000000,0,0.00000000,0.00000000,0
1630894380000,305.00000000,305.00000000,305.00000000,305.00000000,0.00000000,1630894439999,0.00000000,0,0.00000000,0.00000000,0
1630894440000,305.00000000,305.00000000,304.60000000,304.60000000,9.54600000,1630894499999,2909.44220000,11,0.19000000,57.95000000,0
1630894500000,304.50000000,304.50000000,303.90000000,303.90000000,8.48500000,1630894559999,2580.40190000,10,0.00000000,0.00000000,0
1630894560000,303.80000000,303.80000000,303.80000000,303.80000000,0.24200000,1630894619999,73.51960000,1,0.00000000,0.00000000,0
1630894620000,303.80000000,303.80000000,303.80000000,303.80000000,0.00000000,1630894679999,0.00000000,0,0.00000000,0.00000000,0
1630894680000,303.90000000,303.90000000,303.90000000,303.90000000,0.30700000,1630894739999,93.29730000,1,0.00000000,0.00000000,0
1630894740000,303.90000000,303.90000000,303.90000000,303.90000000,0.00000000,1630894799999,0.00000000,0,0.00000000,0.00000000,0
1630894800000,303.90000000,303.90000000,303.90000000,303.90000000,0.00000000,1630894859999,0.00000000,0,0.00000000,0.00000000,0
1630894860000,303.90000000,303.90000000,303.90000000,303.90000000,0.00000000,1630894919999,0.00000000,0,0.00000000,0.00000000,0
1630894920000,303.80000000,303.80000000,303.50000000,303.60000000,5.33900000,1630894979999,1621.47940000,10,0.00000000,0.00000000,0
1630894980000,303.50000000,303.50000000,303.00000000,303.00000000,7.45700000,1630895039999,2261.32330000,9,0.06600000,20.01120000,0
1630895040000,303.00000000,303.00000000,303.00000000,303.00000000,0.00000000,1630895099999,0.00000000,0,0.00000000,0.00000000,0
1630895100000,303.00000000,303.00000000,302.60000000,302.60000000,17.25100000,1630895159999,5221.78370000,15,3.61800000,1094.80680000,0
1630895160000,302.50000000,302.50000000,301.90000000,302.00000000,23.87900000,1630895219999,7217.87200000,19,3.84000000,1159.68000000,0
1630895220000,302.00000000,302.00000000,301.90000000,301.90000000,2.49100000,1630895279999,752.24290000,3,2.10000000,634.20000000,0
1630895280000,301.90000000,301.90000000,301.50000000,301.50000000,8.52600000,1630895339999,2573.75220000,8,0.00000000,0.00000000,0
1630895340000,301.50000000,301.50000000,301.20000000,301.20000000,3.50000000,1630895399999,1054.71800000,8,0.00000000,0.00000000,0
1630895400000,301.50000000,301.50000000,301.50000000,301.50000000,0.09900000,1630895459999,29.84850000,1,0.09900000,29.84850000,0
1630895460000,301.80000000,301.80000000,301.80000000,301.80000000,0.33100000,1630895519999,99.89580000,4,0.33100000,99.89580000,0
1630895520000,301.80000000,302.00000000,301.80000000,302.00000000,6.11200000,1630895579999,1845.47370000,16,6.11200000,1845.47370000,0
1630895580000,302.00000000,302.00000000,302.00000000,302.00000000,10.78700000,1630895639999,3257.67400000,7,10.78700000,3257.67400000,0
1630895640000,302.00000000,302.00000000,302.00000000,302.00000000,0.00000000,1630895699999,0.00000000,0,0.00000000,0.00000000,0
1630895700000,302.00000000,302.00000000,302.00000000,302.00000000,1.01700000,1630895759999,307.13400000,3,1.01700000,307.13400000,0
1630895760000,302.00000000,302.00000000,302.00000000,302.00000000,0.00000000,1630895819999,0.00000000,0,0.00000000,0.00000000,0
1630895820000,302.00000000,302.00000000,302.00000000,302.00000000,0.00000000,1630895879999,0.00000000,0,0.00000000,0.00000000,0
1630895880000,302.00000000,302.00000000,302.00000000,302.00000000,0.00000000,1630895939999,0.00000000,0,0.00000000,0.00000000,0
1630895940000,301.60000000,302.00000000,301.60000000,302.00000000,10.06100000,1630895999999,3036.79560000,3,9.99500000,3016.89000000,0
1630896000000,302.00000000,302.00000000,301.10000000,301.10000000,30.49000000,1630896059999,9186.14220000,31,0.16500000,49.83000000,0
1630896060000,301.10000000,301.10000000,301.10000000,301.10000000,0.00000000,1630896119999,0.00000000,0,0.00000000,0.00000000,0
1630896120000,301.10000000,301.10000000,301.10000000,301.10000000,0.00000000,1630896179999,0.00000000,0,0.00000000,0.00000000,0
1630896180000,301.90000000,301.90000000,301.90000000,301.90000000,0.59700000,1630896239999,180.23430000,5,0.59700000,180.23430000,0
1630896240000,301.90000000,301.90000000,301.10000000,301.10000000,16.29700000,1630896299999,4910.31140000,14,1.12600000,339.93940000,0
1630896300000,301.20000000,301.20000000,300.60000000,301.00000000,7.77000000,1630896359999,2336.87000000,23,0.20200000,60.80200000,0
1630896360000,300.90000000,301.80000000,300.60000000,301.80000000,11.99400000,1630896419999,3609.34420000,29,9.74000000,2931.34180000,0
1630896420000,301.70000000,301.70000000,301.10000000,301.10000000,1.14400000,1630896479999,344.84780000,6,0.64900000,195.80330000,0
1630896480000,301.10000000,301.10000000,301.10000000,301.10000000,2.02100000,1630896539999,608.52310000,3,1.70200000,512.47220000,0
1630896540000,301.50000000,301.50000000,301.50000000,301.50000000,1.01500000,1630896599999,306.02250000,3,0.05400000,16.28100000,0
1630896600000,301.60000000,302.10000000,301.60000000,302.10000000,12.46900000,1630896659999,3764.43810000,13,3.70400000,1118.41170000,0
1630896660000,302.10000000,302.10000000,302.10000000,302.10000000,1.00000000,1630896719999,302.10000000,1,0.00000000,0.00000000,0
1630896720000,302.10000000,302.10000000,302.10000000,302.10000000,0.09100000,1630896779999,27.49110000,1,0.00000000,0.00000000,0
1630896780000,302.10000000,302.10000000,302.10000000,302.10000000,0.00000000,1630896839999,0.00000000,0,0.00000000,0.00000000,0
1630896840000,302.10000000,302.10000000,302.10000000,302.10000000,0.00000000,1630896899999,0.00000000,0,0.00000000,0.00000000,0
1630896900000,302.20000000,302.30000000,302.20000000,302.30000000,0.42500000,1630896959999,128.47090000,4,0.42500000,128.47090000,0
1630896960000,302.30000000,302.30000000,301.60000000,301.60000000,0.71800000,1630897019999,216.65370000,7,0.06700000,20.25410000,0
1630897020000,302.30000000,302.30000000,302.30000000,302.30000000,10.40600000,1630897079999,3145.73380000,4,0.37000000,111.85100000,0
1630897080000,302.00000000,302.00000000,302.00000000,302.00000000,0.17100000,1630897139999,51.64200000,1,0.00000000,0.00000000,0
1630897140000,301.70000000,301.70000000,301.60000000,301.60000000,0.32000000,1630897199999,96.54320000,3,0.00000000,0.00000000,0
1630897200000,301.60000000,301.60000000,301.60000000,301.60000000,0.00000000,1630897259999,0.00000000,0,0.00000000,0.00000000,0
1630897260000,302.20000000,302.30000000,302.20000000,302.30000000,0.97800000,1630897319999,295.60110000,3,0.97800000,295.60110000,0
1630897320000,302.30000000,302.30000000,302.30000000,302.30000000,0.00000000,1630897379999,0.00000000,0,0.00000000,0.00000000,0
1630897380000,302.30000000,302.30000000,302.30000000,302.30000000,0.47200000,1630897439999,142.68560000,1,0.00000000,0.00000000,0
1630897440000,302.50000000,302.50000000,302.50000000,302.50000000,2.64900000,1630897499999,801.32250000,3,0.06600000,19.96500000,0
1630897500000,302.50000000,302.50000000,302.50000000,302.50000000,0.22200000,1630897559999,67.15500000,1,0.00000000,0.00000000,0
1630897560000,302.50000000,302.50000000,302.50000000,302.50000000,0.00000000,1630897619999,0.00000000,0,0.00000000,0.00000000,0
1630897620000,302.50000000,302.50000000,302.50000000,302.50000000,0.00000000,1630897679999,0.00000000,0,0.00000000,0.00000000,0
1630897680000,302.50000000,302.50000000,302.50000000,302.50000000,2.76800000,1630897739999,837.32000000,11,2.76800000,837.32000000,0
1630897740000,302.50000000,302.50000000,302.50000000,302.50000000,0.00000000,1630897799999,0.00000000,0,0.00000000,0.00000000,0
1630897800000,302.60000000,302.70000000,302.60000000,302.70000000,4.96300000,1630897859999,1502.13480000,13,4.79800000,1452.18930000,0
1630897860000,302.70000000,302.70000000,302.70000000,302.70000000,0.00000000,1630897919999,0.00000000,0,0.00000000,0.00000000,0
1630897920000,302.70000000,302.70000000,302.70000000,302.70000000,0.00000000,1630897979999,0.00000000,0,0.00000000,0.00000000,0
1630897980000,302.80000000,302.80000000,302.80000000,302.80000000,0.72600000,1630898039999,219.83280000,3,0.72600000,219.83280000,0
1630898040000,302.80000000,302.80000000,302.80000000,302.80000000,0.00000000,1630898099999,0.00000000,0,0.00000000,0.00000000,0
1630898100000,302.80000000,302.80000000,302.80000000,302.80000000,0.00000000,1630898159999,0.00000000,0,0.00000000,0.00000000,0
1630898160000,302.50000000,302.50000000,302.40000000,302.40000000,0.97600000,1630898219999,295.18820000,6,0.00000000,0.00000000,0
1630898220000,302.40000000,302.40000000,302.30000000,302.30000000,3.48500000,1630898279999,1053.62880000,9,0.00000000,0.00000000,0
1630898280000,302.80000000,302.80000000,302.80000000,302.80000000,4.49400000,1630898339999,1360.78320000,3,0.45800000,138.68240000,0
1630898340000,303.00000000,303.00000000,303.00000000,303.00000000,0.56400000,1630898399999,170.89200000,1,0.56400000,170.89200000,0
1630898400000,303.10000000,303.10000000,303.10000000,303.10000000,12.36900000,1630898459999,3749.04390000,13,1.71700000,520.42270000,0
1630898460000,303.10000000,303.10000000,303.10000000,303.10000000,0.00000000,1630898519999,0.00000000,0,0.00000000,0.00000000,0
1630898520000,303.10000000,303.10000000,303.10000000,303.10000000,0.00000000,1630898579999,0.00000000,0,0.00000000,0.00000000,0
1630898580000,303.10000000,303.10000000,303.10000000,303.10000000,0.00000000,1630898639999,0.00000000,0,0.00000000,0.00000000,0
1630898640000,303.10000000,303.10000000,303.10000000,303.10000000,0.00000000,1630898699999,0.00000000,0,0.00000000,0.00000000,0
1630898700000,302.50000000,302.50000000,302.50000000,302.50000000,0.34700000,1630898759999,104.96750000,2,0.00000000,0.00000000,0
1630898760000,303.00000000,303.00000000,303.00000000,303.00000000,0.23700000,1630898819999,71.81100000,1,0.23700000,71.81100000,0
1630898820000,303.00000000,303.00000000,303.00000000,303.00000000,0.00000000,1630898879999,0.00000000,0,0.00000000,0.00000000,0
1630898880000,303.00000000,303.00000000,303.00000000,303.00000000,0.00000000,1630898939999,0.00000000,0,0.00000000,0.00000000,0
1630898940000,303.00000000,303.00000000,303.00000000,303.00000000,0.00000000,1630898999999,0.00000000,0,0.00000000,0.00000000,0
1630899000000,303.00000000,303.00000000,303.00000000,303.00000000,0.00000000,1630899059999,0.00000000,0,0.00000000,0.00000000,0
1630899060000,303.00000000,303.00000000,303.00000000,303.00000000,0.00000000,1630899119999,0.00000000,0,0.00000000,0.00000000,0
1630899120000,303.00000000,303.00000000,303.00000000,303.00000000,0.00000000,1630899179999,0.00000000,0,0.00000000,0.00000000,0
1630899180000,303.00000000,303.00000000,303.00000000,303.00000000,0.00000000,1630899239999,0.00000000,0,0.00000000,0.00000000,0
1630899240000,303.00000000,303.00000000,303.00000000,303.00000000,0.00000000,1630899299999,0.00000000,0,0.00000000,0.00000000,0
1630899300000,303.00000000,303.00000000,303.00000000,303.00000000,0.00000000,1630899359999,0.00000000,0,0.00000000,0.00000000,0
1630899360000,302.90000000,302.90000000,302.90000000,302.90000000,0.15300000,1630899419999,46.34370000,1,0.15300000,46.34370000,0
1630899420000,302.90000000,302.90000000,302.90000000,302.90000000,0.00000000,1630899479999,0.00000000,0,0.00000000,0.00000000,0
1630899480000,302.80000000,302.90000000,302.80000000,302.90000000,0.55300000,1630899539999,167.46900000,3,0.55300000,167.46900000,0
1630899540000,302.40000000,302.40000000,302.40000000,302.40000000,0.06400000,1630899599999,19.35360000,1,0.00000000,0.00000000,0
1630899600000,302.40000000,302.40000000,302.40000000,302.40000000,0.05300000,1630899659999,16.02720000,2,0.00000000,0.00000000,0
1630899660000,302.40000000,302.40000000,302.30000000,302.30000000,0.45000000,1630899719999,136.07000000,4,0.00000000,0.00000000,0
1630899720000,302.70000000,302.70000000,302.70000000,302.70000000,0.16500000,1630899779999,49.94550000,1,0.16500000,49.94550000,0
1630899780000,302.70000000,302.70000000,302.70000000,302.70000000,0.00000000,1630899839999,0.00000000,0,0.00000000,0.00000000,0
1630899840000,302.10000000,302.10000000,301.60000000,301.60000000,1.31800000,1630899899999,397.64270000,10,0.00000000,0.00000000,0
1630899900000,301.60000000,301.60000000,301.60000000,301.60000000,0.00000000,1630899959999,0.00000000,0,0.00000000,0.00000000,0
1630899960000,301.60000000,301.60000000,301.60000000,301.60000000,0.00000000,1630900019999,0.00000000,0,0.00000000,0.00000000,0
1630900020000,301.60000000,301.60000000,301.60000000,301.60000000,0.43800000,1630900079999,132.10080000,3,0.00000000,0.00000000,0
1630900080000,301.60000000,301.60000000,301.60000000,301.60000000,0.00000000,1630900139999,0.00000000,0,0.00000000,0.00000000,0
1630900140000,302.10000000,303.00000000,302.10000000,303.00000000,1.24200000,1630900199999,375.85590000,6,1.24200000,375.85590000,0
1630900200000,302.90000000,303.00000000,302.90000000,303.00000000,16.92000000,1630900259999,5126.66660000,3,16.92000000,5126.66660000,0
1630900260000,303.00000000,303.00000000,303.00000000,303.00000000,0.00000000,1630900319999,0.00000000,0,0.00000000,0.00000000,0
1630900320000,303.00000000,303.00000000,303.00000000,303.00000000,1.10400000,1630900379999,334.51200000,2,1.10400000,334.51200000,0
1630900380000,303.00000000,303.00000000,303.00000000,303.00000000,0.00000000,1630900439999,0.00000000,0,0.00000000,0.00000000,0
1630900440000,303.00000000,303.00000000,303.00000000,303.00000000,0.00000000,1630900499999,0.00000000,0,0.00000000,0.00000000,0
1630900500000,303.00000000,303.00000000,303.00000000,303.00000000,0.00000000,1630900559999,0.00000000,0,0.00000000,0.00000000,0
1630900560000,303.00000000,303.00000000,303.00000000,303.00000000,0.00000000,1630900619999,0.00000000,0,0.00000000,0.00000000,0
1630900620000,302.20000000,302.20000000,302.20000000,302.20000000,0.47100000,1630900679999,142.33620000,2,0.00000000,0.00000000,0
1630900680000,302.10000000,302.20000000,302.10000000,302.20000000,0.13200000,1630900739999,39.88380000,2,0.06600000,19.94520000,0
1630900740000,302.20000000,302.20000000,302.20000000,302.20000000,0.00000000,1630900799999,0.00000000,0,0.00000000,0.00000000,0
1630900800000,302.20000000,302.20000000,302.20000000,302.20000000,0.00000000,1630900859999,0.00000000,0,0.00000000,0.00000000,0
1630900860000,302.10000000,302.10000000,301.60000000,301.60000000,1.92300000,1630900919999,580.80430000,5,0.00000000,0.00000000,0
1630900920000,301.60000000,301.60000000,301.60000000,301.60000000,0.00000000,1630900979999,0.00000000,0,0.00000000,0.00000000,0
1630900980000,301.60000000,301.60000000,301.60000000,301.60000000,0.00000000,1630901039999,0.00000000,0,0.00000000,0.00000000,0
1630901040000,301.60000000,302.10000000,301.60000000,302.10000000,4.21300000,1630901099999,1270.74930000,5,0.21700000,65.55570000,0
1630901100000,302.10000000,302.10000000,302.10000000,302.10000000,0.00200000,1630901159999,0.60420000,1,0.00200000,0.60420000,0
1630901160000,302.10000000,302.90000000,302.10000000,302.90000000,6.60000000,1630901219999,1998.12800000,18,6.60000000,1998.12800000,0
1630901220000,302.80000000,302.90000000,302.80000000,302.90000000,5.00000000,1630901279999,1514.47480000,3,0.74700000,226.24110000,0
1630901280000,302.90000000,302.90000000,302.90000000,302.90000000,0.00000000,1630901339999,0.00000000,0,0.00000000,0.00000000,0
1630901340000,302.90000000,302.90000000,302.90000000,302.90000000,0.00000000,1630901399999,0.00000000,0,0.00000000,0.00000000,0
1630901400000,302.90000000,302.90000000,302.90000000,302.90000000,0.00000000,1630901459999,0.00000000,0,0.00000000,0.00000000,0
1630901460000,302.90000000,302.90000000,302.90000000,302.90000000,0.00000000,1630901519999,0.00000000,0,0.00000000,0.00000000,0
1630901520000,303.10000000,303.20000000,303.10000000,303.20000000,0.32900000,1630901579999,99.74620000,2,0.32900000,99.74620000,0
1630901580000,303.20000000,303.20000000,303.20000000,303.20000000,0.00000000,1630901639999,0.00000000,0,0.00000000,0.00000000,0
1630901640000,303.20000000,303.20000000,303.20000000,303.20000000,0.00000000,1630901699999,0.00000000,0,0.00000000,0.00000000,0
1630901700000,303.20000000,303.20000000,303.20000000,303.20000000,0.00000000,1630901759999,0.00000000,0,0.00000000,0.00000000,0
1630901760000,303.20000000,303.20000000,303.20000000,303.20000000,0.00000000,1630901819999,0.00000000,0,0.00000000,0.00000000,0
1630901820000,303.20000000,303.20000000,303.20000000,303.20000000,0.00000000,1630901879999,0.00000000,0,0.00000000,0.00000000,0
1630901880000,303.20000000,303.20000000,303.20000000,303.20000000,0.00000000,1630901939999,0.00000000,0,0.00000000,0.00000000,0
1630901940000,303.20000000,303.20000000,303.20000000,303.20000000,0.00000000,1630901999999,0.00000000,0,0.00000000,0.00000000,0
1630902000000,303.20000000,303.20000000,303.20000000,303.20000000,0.20300000,1630902059999,61.54960000,1,0.20300000,61.54960000,0
1630902060000,303.20000000,303.20000000,303.20000000,303.20000000,0.00000000,1630902119999,0.00000000,0,0.00000000,0.00000000,0
1630902120000,303.20000000,303.20000000,303.20000000,303.20000000,0.00000000,1630902179999,0.00000000,0,0.00000000,0.00000000,0
1630902180000,303.20000000,303.20000000,303.20000000,303.20000000,0.00000000,1630902239999,0.00000000,0,0.00000000,0.00000000,0
1630902240000,302.90000000,303.20000000,302.20000000,303.20000000,1.38900000,1630902299999,419.95300000,4,0.06600000,20.01120000,0
1630902300000,303.20000000,303.20000000,303.20000000,303.20000000,0.00000000,1630902359999,0.00000000,0,0.00000000,0.00000000,0
1630902360000,303.20000000,303.20000000,303.20000000,303.20000000,0.00000000,1630902419999,0.00000000,0,0.00000000,0.00000000,0
1630902420000,302.20000000,302.20000000,301.70000000,301.70000000,1.76300000,1630902479999,532.38620000,7,0.00000000,0.00000000,0
1630902480000,301.70000000,301.70000000,301.70000000,301.70000000,0.00000000,1630902539999,0.00000000,0,0.00000000,0.00000000,0
1630902540000,301.70000000,303.10000000,301.70000000,301.90000000,6.45200000,1630902599999,1947.63660000,12,5.98700000,1807.25310000,0
1630902600000,301.90000000,301.90000000,301.90000000,301.90000000,0.00000000,1630902659999,0.00000000,0,0.00000000,0.00000000,0
1630902660000,301.90000000,301.90000000,301.90000000,301.90000000,0.00000000,1630902719999,0.00000000,0,0.00000000,0.00000000,0
1630902720000,301.90000000,301.90000000,301.90000000,301.90000000,0.00000000,1630902779999,0.00000000,0,0.00000000,0.00000000,0
1630902780000,302.40000000,302.40000000,301.80000000,301.80000000,0.94900000,1630902839999,286.50790000,6,0.00000000,0.00000000,0
1630902840000,301.80000000,301.80000000,301.80000000,301.80000000,1.98200000,1630902899999,598.16760000,10,0.00000000,0.00000000,0
1630902900000,301.70000000,301.80000000,301.60000000,301.80000000,7.08500000,1630902959999,2137.58650000,6,5.08500000,1534.32190000,0
1630902960000,301.80000000,301.80000000,301.80000000,301.80000000,0.06600000,1630903019999,19.91880000,1,0.06600000,19.91880000,0
1630903020000,301.70000000,301.70000000,301.70000000,301.70000000,0.14300000,1630903079999,43.14310000,1,0.14300000,43.14310000,0
1630903080000,301.70000000,301.70000000,301.70000000,301.70000000,0.78600000,1630903139999,237.13620000,2,0.78600000,237.13620000,0
1630903140000,301.70000000,302.40000000,301.70000000,302.40000000,29.86300000,1630903199999,9012.16780000,4,29.86300000,9012.16780000,0
1630903200000,302.40000000,302.40000000,302.40000000,302.40000000,0.00000000,1630903259999,0.00000000,0,0.00000000,0.00000000,0
1630903260000,302.40000000,302.40000000,301.60000000,301.60000000,8.59500000,1630903319999,2593.92910000,21,0.26600000,80.43840000,0
1630903320000,301.60000000,301.60000000,301.60000000,301.60000000,0.00000000,1630903379999,0.00000000,0,0.00000000,0.00000000,0
1630903380000,301.60000000,301.60000000,301.60000000,301.60000000,9.06800000,1630903439999,2734.90880000,13,3.31900000,1001.01040000,0
1630903440000,301.60000000,301.60000000,301.60000000,301.60000000,0.14700000,1630903499999,44.33520000,1,0.00000000,0.00000000,0
1630903500000,301.60000000,301.60000000,301.60000000,301.60000000,0.00000000,1630903559999,0.00000000,0,0.00000000,0.00000000,0
1630903560000,301.60000000,301.60000000,301.60000000,301.60000000,0.00000000,1630903619999,0.00000000,0,0.00000000,0.00000000,0
1630903620000,301.60000000,301.60000000,301.60000000,301.60000000,0.00000000,1630903679999,0.00000000,0,0.00000000,0.00000000,0
1630903680000,301.60000000,301.60000000,301.60000000,301.60000000,0.00000000,1630903739999,0.00000000,0,0.00000000,0.00000000,0
1630903740000,301.60000000,301.60000000,301.60000000,301.60000000,0.00000000,1630903799999,0.00000000,0,0.00000000,0.00000000,0
1630903800000,302.10000000,302.10000000,302.10000000,302.10000000,0.51900000,1630903859999,156.78990000,2,0.51900000,156.78990000,0
1630903860000,302.10000000,302.10000000,302.10000000,302.10000000,0.00000000,1630903919999,0.00000000,0,0.00000000,0.00000000,0
1630903920000,302.10000000,302.10000000,302.10000000,302.10000000,0.00000000,1630903979999,0.00000000,0,0.00000000,0.00000000,0
1630903980000,302.00000000,302.50000000,302.00000000,302.50000000,1.59700000,1630904039999,482.81260000,4,1.28700000,389.19260000,0
1630904040000,302.50000000,302.50000000,302.50000000,302.50000000,0.00000000,1630904099999,0.00000000,0,0.00000000,0.00000000,0
1630904100000,302.50000000,302.50000000,302.50000000,302.50000000,0.00000000,1630904159999,0.00000000,0,0.00000000,0.00000000,0
1630904160000,302.50000000,302.50000000,302.50000000,302.50000000,0.54400000,1630904219999,164.56000000,2,0.02800000,8.47000000,0
1630904220000,302.00000000,302.00000000,301.50000000,301.50000000,26.12500000,1630904279999,7882.97520000,17,0.00000000,0.00000000,0
1630904280000,301.60000000,301.60000000,301.60000000,301.60000000,0.14400000,1630904339999,43.43040000,1,0.00000000,0.00000000,0
1630904340000,301.60000000,301.60000000,301.60000000,301.60000000,0.03800000,1630904399999,11.46080000,1,0.00000000,0.00000000,0
1630904400000,301.60000000,301.60000000,301.60000000,301.60000000,0.00000000,1630904459999,0.00000000,0,0.00000000,0.00000000,0
1630904460000,301.60000000,301.60000000,301.60000000,301.60000000,0.00000000,1630904519999,0.00000000,0,0.00000000,0.00000000,0
1630904520000,301.60000000,301.60000000,301.60000000,301.60000000,1.00000000,1630904579999,301.60000000,1,0.00000000,0.00000000,0
1630904580000,302.40000000,302.40000000,302.40000000,302.40000000,0.07000000,1630904639999,21.16800000,1,0.07000000,21.16800000,0
1630904640000,302.00000000,302.00000000,301.90000000,301.90000000,2.00000000,1630904699999,603.90000000,3,1.92800000,582.16320000,0
1630904700000,301.90000000,303.10000000,301.60000000,303.10000000,7.85100000,1630904759999,2372.28490000,14,4.05600000,1227.71290000,0
1630904760000,303.10000000,303.10000000,303.10000000,303.10000000,0.00000000,1630904819999,0.00000000,0,0.00000000,0.00000000,0
1630904820000,302.90000000,302.90000000,302.40000000,302.40000000,0.55300000,1630904879999,167.24570000,3,0.03700000,11.20730000,0
1630904880000,302.30000000,302.30000000,301.60000000,301.60000000,9.27200000,1630904939999,2796.61380000,6,0.00000000,0.00000000,0
1630904940000,301.50000000,301.50000000,301.00000000,301.00000000,25.96200000,1630904999999,7824.81660000,14,0.00000000,0.00000000,0
1630905000000,300.80000000,301.00000000,300.50000000,300.50000000,3.71800000,1630905059999,1118.06890000,9,0.06600000,19.85280000,0
1630905060000,300.50000000,302.70000000,300.30000000,302.70000000,13.71300000,1630905119999,4140.43190000,18,10.47600000,3167.97430000,0
1630905120000,302.30000000,302.70000000,302.30000000,302.70000000,1.65100000,1630905179999,499.32810000,3,1.07400000,324.67020000,0
1630905180000,302.70000000,302.70000000,302.70000000,302.70000000,0.00000000,1630905239999,0.00000000,0,0.00000000,0.00000000,0
1630905240000,302.30000000,302.30000000,301.90000000,301.90000000,0.10800000,1630905299999,32.63160000,2,0.00000000,0.00000000,0
1630905300000,301.90000000,301.90000000,301.90000000,301.90000000,0.00000000,1630905359999,0.00000000,0,0.00000000,0.00000000,0
1630905360000,301.90000000,301.90000000,301.90000000,301.90000000,0.00000000,1630905419999,0.00000000,0,0.00000000,0.00000000,0
1630905420000,301.90000000,301.90000000,301.90000000,301.90000000,0.00000000,1630905479999,0.00000000,0,0.00000000,0.00000000,0
1630905480000,301.90000000,301.90000000,301.90000000,301.90000000,0.00000000,1630905539999,0.00000000,0,0.00000000,0.00000000,0
1630905540000,301.90000000,301.90000000,301.90000000,301.90000000,0.00000000,1630905599999,0.00000000,0,0.00000000,0.00000000,0
1630905600000,301.90000000,302.00000000,301.90000000,302.00000000,0.19800000,1630905659999,59.77970000,3,0.16300000,49.20970000,0
1630905660000,302.00000000,302.00000000,302.00000000,302.00000000,0.31300000,1630905719999,94.52600000,2,0.00000000,0.00000000,0
1630905720000,302.50000000,302.50000000,302.00000000,302.00000000,0.09200000,1630905779999,27.80100000,2,0.03400000,10.28500000,0
1630905780000,302.00000000,302.00000000,302.00000000,302.00000000,0.00000000,1630905839999,0.00000000,0,0.00000000,0.00000000,0
1630905840000,302.00000000,302.00000000,302.00000000,302.00000000,0.00000000,1630905899999,0.00000000,0,0.00000000,0.00000000,0
1630905900000,302.50000000,302.50000000,302.10000000,302.10000000,0.46100000,1630905959999,139.38530000,2,0.29300000,88.63250000,0
1630905960000,302.50000000,303.30000000,302.50000000,303.30000000,3.29900000,1630906019999,999.97920000,10,3.29900000,999.97920000,0
1630906020000,303.30000000,303.30000000,303.30000000,303.30000000,0.00000000,1630906079999,0.00000000,0,0.00000000,0.00000000,0
1630906080000,303.30000000,303.60000000,303.30000000,303.60000000,1.64700000,1630906139999,499.70100000,3,1.64700000,499.70100000,0
1630906140000,303.10000000,303.10000000,303.10000000,303.10000000,0.77200000,1630906199999,233.99320000,1,0.77200000,233.99320000,0
1630906200000,303.10000000,303.10000000,303.10000000,303.10000000,0.00000000,1630906259999,0.00000000,0,0.00000000,0.00000000,0
1630906260000,303.20000000,303.50000000,303.20000000,303.50000000,3.81000000,1630906319999,1155.72000000,12,3.81000000,1155.72000000,0
1630906320000,303.50000000,303.50000000,303.50000000,303.50000000,0.00000000,1630906379999,0.00000000,0,0.00000000,0.00000000,0
1630906380000,303.20000000,303.30000000,302.60000000,302.60000000,6.87800000,1630906439999,2085.73150000,14,6.59100000,1998.88530000,0
1630906440000,302.60000000,303.30000000,302.60000000,303.30000000,1.26500000,1630906499999,383.15680000,5,1.03700000,314.16400000,0
1630906500000,303.20000000,303.20000000,303.20000000,303.20000000,0.45800000,1630906559999,138.86560000,1,0.00000000,0.00000000,0
1630906560000,303.20000000,303.20000000,303.20000000,303.20000000,0.00000000,1630906619999,0.00000000,0,0.00000000,0.00000000,0
1630906620000,302.60000000,303.30000000,302.60000000,303.30000000,2.92700000,1630906679999,887.41990000,4,2.87800000,872.59250000,0
1630906680000,303.30000000,303.30000000,303.30000000,303.30000000,0.00000000,1630906739999,0.00000000,0,0.00000000,0.00000000,0
1630906740000,303.30000000,303.30000000,303.30000000,303.30000000,0.23100000,1630906799999,70.06230000,2,0.23100000,70.06230000,0
1630906800000,303.30000000,303.30000000,303.30000000,303.30000000,0.16800000,1630906859999,50.95440000,1,0.16800000,50.95440000,0
1630906860000,303.30000000,303.30000000,303.30000000,303.30000000,0.00000000,1630906919999,0.00000000,0,0.00000000,0.00000000,0
1630906920000,302.60000000,302.60000000,302.60000000,302.60000000,0.09700000,1630906979999,29.35220000,1,0.00000000,0.00000000,0
1630906980000,302.80000000,302.80000000,302.80000000,302.80000000,0.14900000,1630907039999,45.11720000,1,0.00000000,0.00000000,0
1630907040000,302.80000000,303.30000000,302.80000000,303.30000000,8.90800000,1630907099999,2697.37890000,3,0.07300000,22.14090000,0
1630907100000,303.30000000,303.30000000,303.30000000,303.30000000,0.00000000,1630907159999,0.00000000,0,0.00000000,0.00000000,0
1630907160000,303.40000000,303.50000000,301.40000000,301.40000000,38.35000000,1630907219999,11623.31260000,42,17.73500000,5381.77760000,0
1630907220000,302.20000000,302.50000000,302.20000000,302.50000000,0.13200000,1630907279999,39.91020000,2,0.13200000,39.91020000,0
1630907280000,302.80000000,302.80000000,302.80000000,302.80000000,0.06600000,1630907339999,19.98480000,1,0.06600000,19.98480000,0
1630907340000,303.10000000,303.10000000,302.40000000,303.00000000,6.52700000,1630907399999,1977.67380000,15,4.06700000,1232.30760000,0
1630907400000,303.30000000,303.50000000,303.00000000,303.50000000,32.24700000,1630907459999,9784.70020000,12,21.88400000,6641.46020000,0
1630907460000,303.50000000,303.50000000,303.50000000,303.50000000,0.00000000,1630907519999,0.00000000,0,0.00000000,0.00000000,0
1630907520000,303.50000000,303.60000000,303.50000000,303.60000000,25.87100000,1630907579999,7853.14180000,13,3.47500000,1054.86750000,0
1630907580000,303.60000000,303.60000000,303.60000000,303.60000000,0.00000000,1630907639999,0.00000000,0,0.00000000,0.00000000,0
1630907640000,303.60000000,303.60000000,303.60000000,303.60000000,0.06500000,1630907699999,19.73400000,1,0.06500000,19.73400000,0
1630907700000,303.60000000,303.60000000,303.60000000,303.60000000,0.00000000,1630907759999,0.00000000,0,0.00000000,0.00000000,0
1630907760000,303.60000000,303.60000000,303.60000000,303.60000000,0.00000000,1630907819999,0.00000000,0,0.00000000,0.00000000,0
1630907820000,303.60000000,303.60000000,303.60000000,303.60000000,0.00000000,1630907879999,0.00000000,0,0.00000000,0.00000000,0
1630907880000,303.10000000,303.10000000,303.10000000,303.10000000,0.05800000,1630907939999,17.57980000,1,0.00000000,0.00000000,0
1630907940000,303.10000000,303.10000000,303.10000000,303.10000000,0.00000000,1630907999999,0.00000000,0,0.00000000,0.00000000,0
1630908000000,303.10000000,303.10000000,303.10000000,303.10000000,0.00000000,1630908059999,0.00000000,0,0.00000000,0.00000000,0
1630908060000,303.10000000,303.10000000,303.10000000,303.10000000,0.00000000,1630908119999,0.00000000,0,0.00000000,0.00000000,0
1630908120000,303.10000000,303.10000000,303.00000000,303.00000000,0.12700000,1630908179999,38.49080000,2,0.00000000,0.00000000,0
1630908180000,303.10000000,303.10000000,303.00000000,303.00000000,1.30800000,1630908239999,396.36690000,4,0.42500000,128.77500000,0
1630908240000,303.00000000,303.40000000,302.80000000,303.40000000,0.68100000,1630908299999,206.26320000,4,0.03200000,9.70880000,0
1630908300000,303.40000000,303.40000000,303.40000000,303.40000000,0.00000000,1630908359999,0.00000000,0,0.00000000,0.00000000,0
1630908360000,303.40000000,303.40000000,303.40000000,303.40000000,0.00000000,1630908419999,0.00000000,0,0.00000000,0.00000000,0
1630908420000,303.40000000,303.40000000,303.40000000,303.40000000,0.00000000,1630908479999,0.00000000,0,0.00000000,0.00000000,0
1630908480000,303.50000000,303.50000000,303.50000000,303.50000000,0.06500000,1630908539999,19.72750000,1,0.06500000,19.72750000,0
1630908540000,303.50000000,303.50000000,303.50000000,303.50000000,0.00000000,1630908599999,0.00000000,0,0.00000000,0.00000000,0
1630908600000,303.50000000,303.50000000,303.50000000,303.50000000,0.00000000,1630908659999,0.00000000,0,0.00000000,0.00000000,0
1630908660000,303.50000000,303.50000000,303.50000000,303.50000000,0.00000000,1630908719999,0.00000000,0,0.00000000,0.00000000,0
1630908720000,303.50000000,303.50000000,303.50000000,303.50000000,0.04700000,1630908779999,14.26450000,1,0.04700000,14.26450000,0
1630908780000,303.50000000,303.50000000,303.50000000,303.50000000,0.00000000,1630908839999,0.00000000,0,0.00000000,0.00000000,0
1630908840000,303.50000000,303.50000000,303.50000000,303.50000000,0.00000000,1630908899999,0.00000000,0,0.00000000,0.00000000,0
1630908900000,303.50000000,303.50000000,303.50000000,303.50000000,0.00000000,1630908959999,0.00000000,0,0.00000000,0.00000000,0
1630908960000,303.50000000,303.50000000,303.50000000,303.50000000,0.00000000,1630909019999,0.00000000,0,0.00000000,0.00000000,0
1630909020000,302.80000000,303.30000000,302.80000000,303.30000000,0.53200000,1630909079999,161.10610000,4,0.37700000,114.17210000,0
1630909080000,302.80000000,302.80000000,302.70000000,302.70000000,0.43900000,1630909139999,132.88870000,2,0.00000000,0.00000000,0
1630909140000,302.70000000,302.70000000,302.70000000,302.70000000,0.00000000,1630909199999,0.00000000,0,0.00000000,0.00000000,0
1630909200000,302.70000000,302.70000000,302.70000000,302.70000000,0.00000000,1630909259999,0.00000000,0,0.00000000,0.00000000,0
1630909260000,302.60000000,302.60000000,302.60000000,302.60000000,0.33500000,1630909319999,101.37100000,1,0.00000000,0.00000000,0
1630909320000,302.60000000,302.60000000,302.60000000,302.60000000,0.00000000,1630909379999,0.00000000,0,0.00000000,0.00000000,0
1630909380000,302.60000000,302.60000000,302.60000000,302.60000000,0.00000000,1630909439999,0.00000000,0,0.00000000,0.00000000,0
1630909440000,302.60000000,302.60000000,302.60000000,302.60000000,0.00000000,1630909499999,0.00000000,0,0.00000000,0.00000000,0
1630909500000,302.70000000,302.70000000,302.50000000,302.70000000,5.49800000,1630909559999,1664.23140000,3,5.43200000,1644.26640000,0
1630909560000,302.70000000,302.70000000,302.70000000,302.70000000,0.00000000,1630909619999,0.00000000,0,0.00000000,0.00000000,0
1630909620000,302.70000000,302.70000000,302.70000000,302.70000000,0.65100000,1630909679999,197.05770000,1,0.65100000,197.05770000,0
1630909680000,302.70000000,302.70000000,302.70000000,302.70000000,0.00000000,1630909739999,0.00000000,0,0.00000000,0.00000000,0
1630909740000,302.30000000,302.30000000,302.10000000,302.10000000,0.23000000,1630909799999,69.49620000,2,0.00000000,0.00000000,0
1630909800000,302.10000000,302.10000000,302.00000000,302.00000000,0.57000000,1630909859999,172.17320000,3,0.00000000,0.00000000,0
1630909860000,302.50000000,302.50000000,302.50000000,302.50000000,0.32900000,1630909919999,99.52250000,1,0.32900000,99.52250000,0
1630909920000,302.60000000,302.60000000,302.60000000,302.60000000,0.03300000,1630909979999,9.98580000,1,0.03300000,9.98580000,0
1630909980000,302.60000000,302.60000000,302.60000000,302.60000000,1.80200000,1630910039999,545.28520000,3,1.80200000,545.28520000,0
1630910040000,302.20000000,302.60000000,302.10000000,302.60000000,4.54700000,1630910099999,1375.35510000,6,3.30000000,998.58000000,0
1630910100000,302.70000000,302.70000000,302.20000000,302.20000000,3.53400000,1630910159999,1068.30480000,2,0.66000000,199.78200000,0
1630910160000,302.20000000,302.20000000,302.20000000,302.20000000,0.65600000,1630910219999,198.24320000,1,0.00000000,0.00000000,0
1630910220000,302.20000000,302.20000000,302.20000000,302.20000000,0.00000000,1630910279999,0.00000000,0,0.00000000,0.00000000,0
1630910280000,302.20000000,302.20000000,302.20000000,302.20000000,0.00000000,1630910339999,0.00000000,0,0.00000000,0.00000000,0
1630910340000,302.20000000,302.20000000,302.20000000,302.20000000,1.08600000,1630910399999,328.18920000,1,0.00000000,0.00000000,0
1630910400000,302.60000000,302.70000000,302.60000000,302.70000000,2.01600000,1630910459999,610.18680000,3,2.01600000,610.18680000,0
1630910460000,302.70000000,302.70000000,302.70000000,302.70000000,0.17800000,1630910519999,53.88060000,1,0.17800000,53.88060000,0
1630910520000,302.70000000,303.30000000,302.20000000,303.30000000,4.03000000,1630910579999,1218.94290000,10,2.02300000,612.42750000,0
1630910580000,302.40000000,302.40000000,302.20000000,302.20000000,9.90100000,1630910639999,2993.12260000,16,0.00000000,0.00000000,0
1630910640000,302.20000000,302.20000000,302.20000000,302.20000000,0.00000000,1630910699999,0.00000000,0,0.00000000,0.00000000,0
1630910700000,302.90000000,303.30000000,302.90000000,303.30000000,1.20100000,1630910759999,363.85690000,9,1.20100000,363.85690000,0
1630910760000,303.00000000,303.30000000,303.00000000,303.30000000,0.56400000,1630910819999,170.99460000,2,0.56400000,170.99460000,0
1630910820000,303.30000000,303.30000000,303.30000000,303.30000000,0.00000000,1630910879999,0.00000000,0,0.00000000,0.00000000,0
1630910880000,303.30000000,303.30000000,303.30000000,303.30000000,0.00000000,1630910939999,0.00000000,0,0.00000000,0.00000000,0
1630910940000,303.30000000,303.30000000,303.30000000,303.30000000,0.00000000,1630910999999,0.00000000,0,0.00000000,0.00000000,0
1630911000000,303.30000000,303.30000000,303.30000000,303.30000000,0.07600000,1630911059999,23.05080000,1,0.00000000,0.00000000,0
1630911060000,303.60000000,305.00000000,303.60000000,304.30000000,20.40500000,1630911119999,6209.54100000,30,20.24900000,6162.14430000,0
1630911120000,304.30000000,304.30000000,304.10000000,304.10000000,1.14900000,1630911179999,349.60790000,2,0.00000000,0.00000000,0
1630911180000,304.10000000,304.10000000,304.10000000,304.10000000,0.00000000,1630911239999,0.00000000,0,0.00000000,0.00000000,0
1630911240000,304.10000000,304.10000000,304.10000000,304.10000000,0.00000000,1630911299999,0.00000000,0,0.00000000,0.00000000,0
1630911300000,304.30000000,304.30000000,304.30000000,304.30000000,0.39700000,1630911359999,120.80710000,1,0.39700000,120.80710000,0
1630911360000,304.30000000,304.30000000,304.30000000,304.30000000,0.15900000,1630911419999,48.38370000,1,0.00000000,0.00000000,0
1630911420000,304.30000000,304.30000000,304.00000000,304.00000000,0.43800000,1630911479999,133.27110000,2,0.39700000,120.80710000,0
1630911480000,304.40000000,304.50000000,304.40000000,304.50000000,0.36200000,1630911539999,110.20760000,2,0.36200000,110.20760000,0
1630911540000,304.50000000,304.60000000,304.50000000,304.60000000,10.43100000,1630911599999,3177.26520000,6,1.67400000,509.88300000,0
1630911600000,304.60000000,304.60000000,304.60000000,304.60000000,1.44900000,1630911659999,441.36540000,1,1.44900000,441.36540000,0
1630911660000,304.60000000,304.60000000,304.60000000,304.60000000,0.00000000,1630911719999,0.00000000,0,0.00000000,0.00000000,0
1630911720000,304.60000000,304.60000000,303.80000000,304.60000000,0.37800000,1630911779999,115.03020000,6,0.30000000,91.32900000,0
1630911780000,304.60000000,304.60000000,304.60000000,304.60000000,0.05900000,1630911839999,17.97140000,1,0.05900000,17.97140000,0
1630911840000,304.60000000,304.60000000,304.60000000,304.60000000,0.00000000,1630911899999,0.00000000,0,0.00000000,0.00000000,0
1630911900000,304.60000000,304.60000000,304.60000000,304.60000000,0.00000000,1630911959999,0.00000000,0,0.00000000,0.00000000,0
1630911960000,304.00000000,304.00000000,304.00000000,304.00000000,0.94600000,1630912019999,287.58400000,1,0.94600000,287.58400000,0
1630912020000,304.10000000,304.10000000,303.70000000,303.70000000,2.61100000,1630912079999,793.51470000,8,1.24700000,379.00580000,0
1630912080000,303.60000000,303.60000000,303.60000000,303.60000000,0.23500000,1630912139999,71.34600000,3,0.00000000,0.00000000,0
1630912140000,303.60000000,303.60000000,303.60000000,303.60000000,0.98400000,1630912199999,298.74240000,7,0.00000000,0.00000000,0
1630912200000,303.60000000,303.60000000,303.60000000,303.60000000,0.00000000,1630912259999,0.00000000,0,0.00000000,0.00000000,0
1630912260000,303.60000000,303.60000000,303.60000000,303.60000000,0.09900000,1630912319999,30.05640000,1,0.00000000,0.00000000,0
1630912320000,303.60000000,303.60000000,303.50000000,303.50000000,2.02600000,1630912379999,614.92710000,5,0.00000000,0.00000000,0
1630912380000,304.00000000,304.00000000,304.00000000,304.00000000,0.32900000,1630912439999,100.01600000,2,0.32900000,100.01600000,0
1630912440000,304.00000000,304.00000000,304.00000000,304.00000000,0.00000000,1630912499999,0.00000000,0,0.00000000,0.00000000,0
1630912500000,304.00000000,304.00000000,304.00000000,304.00000000,0.00000000,1630912559999,0.00000000,0,0.00000000,0.00000000,0
1630912560000,304.00000000,304.00000000,304.00000000,304.00000000,0.00000000,1630912619999,0.00000000,0,0.00000000,0.00000000,0
1630912620000,303.70000000,303.70000000,303.50000000,303.50000000,1.49100000,1630912679999,452.64860000,3,0.49100000,149.11670000,0
1630912680000,303.50000000,303.50000000,303.50000000,303.50000000,0.04100000,1630912739999,12.44350000,1,0.00000000,0.00000000,0
1630912740000,303.50000000,303.50000000,303.50000000,303.50000000,0.00000000,1630912799999,0.00000000,0,0.00000000,0.00000000,0
1630912800000,304.00000000,304.00000000,304.00000000,304.00000000,0.23000000,1630912859999,69.92000000,1,0.23000000,69.92000000,0
1630912860000,304.00000000,304.40000000,303.60000000,303.60000000,14.03900000,1630912919999,4271.44900000,17,4.19200000,1275.33020000,0
1630912920000,303.60000000,303.60000000,303.60000000,303.60000000,0.00000000,1630912979999,0.00000000,0,0.00000000,0.00000000,0
1630912980000,303.80000000,304.40000000,303.80000000,304.40000000,4.64400000,1630913039999,1412.99610000,6,4.05300000,1233.45030000,0
1630913040000,304.50000000,304.60000000,304.40000000,304.40000000,0.35300000,1630913099999,107.47950000,3,0.16400000,49.94790000,0
1630913100000,304.10000000,304.10000000,304.00000000,304.00000000,1.99700000,1630913159999,607.25270000,2,0.35000000,106.40000000,0
1630913160000,304.00000000,304.00000000,304.00000000,304.00000000,0.00000000,1630913219999,0.00000000,0,0.00000000,0.00000000,0
1630913220000,303.80000000,303.80000000,303.80000000,303.80000000,0.09100000,1630913279999,27.64580000,1,0.00000000,0.00000000,0
1630913280000,304.00000000,304.00000000,303.80000000,303.80000000,4.34000000,1630913339999,1318.71500000,3,1.11500000,338.96000000,0
1630913340000,303.80000000,303.80000000,303.80000000,303.80000000,0.00000000,1630913399999,0.00000000,0,0.00000000,0.00000000,0
1630913400000,303.80000000,303.80000000,303.80000000,303.80000000,0.00000000,1630913459999,0.00000000,0,0.00000000,0.00000000,0
1630913460000,303.80000000,303.80000000,303.80000000,303.80000000,13.86400000,1630913519999,4211.88320000,1,0.00000000,0.00000000,0
1630913520000,303.80000000,303.80000000,303.80000000,303.80000000,0.03600000,1630913579999,10.93680000,1,0.03600000,10.93680000,0
1630913580000,303.80000000,303.80000000,303.80000000,303.80000000,0.00000000,1630913639999,0.00000000,0,0.00000000,0.00000000,0
1630913640000,303.80000000,303.80000000,303.80000000,303.80000000,0.03400000,1630913699999,10.32920000,1,0.03400000,10.32920000,0
1630913700000,303.70000000,303.70000000,303.40000000,303.40000000,0.22800000,1630913759999,69.21980000,4,0.00000000,0.00000000,0
1630913760000,303.80000000,303.80000000,303.80000000,303.80000000,0.93500000,1630913819999,284.05300000,2,0.93500000,284.05300000,0
1630913820000,303.80000000,303.80000000,303.80000000,303.80000000,1.50800000,1630913879999,458.13040000,1,1.50800000,458.13040000,0
1630913880000,303.80000000,303.80000000,303.80000000,303.80000000,0.00000000,1630913939999,0.00000000,0,0.00000000,0.00000000,0
1630913940000,303.80000000,303.80000000,303.80000000,303.80000000,0.00000000,1630913999999,0.00000000,0,0.00000000,0.00000000,0
1630914000000,303.80000000,303.80000000,303.80000000,303.80000000,0.00000000,1630914059999,0.00000000,0,0.00000000,0.00000000,0
1630914060000,303.80000000,303.80000000,303.80000000,303.80000000,0.00000000,1630914119999,0.00000000,0,0.00000000,0.00000000,0
1630914120000,303.80000000,303.80000000,303.80000000,303.80000000,1.57600000,1630914179999,478.78880000,2,0.00000000,0.00000000,0
1630914180000,304.00000000,304.00000000,304.00000000,304.00000000,0.98700000,1630914239999,300.04800000,1,0.98700000,300.04800000,0
1630914240000,304.00000000,304.50000000,304.00000000,304.50000000,32.90600000,1630914299999,10006.12330000,5,32.79700000,9972.96550000,0
1630914300000,304.50000000,304.50000000,304.50000000,304.50000000,0.00000000,1630914359999,0.00000000,0,0.00000000,0.00000000,0
1630914360000,303.80000000,303.80000000,303.80000000,303.80000000,0.05800000,1630914419999,17.62040000,1,0.00000000,0.00000000,0
1630914420000,303.80000000,303.80000000,303.80000000,303.80000000,0.00000000,1630914479999,0.00000000,0,0.00000000,0.00000000,0
1630914480000,303.80000000,303.80000000,303.80000000,303.80000000,0.00000000,1630914539999,0.00000000,0,0.00000000,0.00000000,0
1630914540000,303.80000000,303.80000000,303.80000000,303.80000000,0.00000000,1630914599999,0.00000000,0,0.00000000,0.00000000,0
1630914600000,304.00000000,304.00000000,304.00000000,304.00000000,0.53500000,1630914659999,162.64000000,2,0.00000000,0.00000000,0
1630914660000,304.00000000,304.00000000,304.00000000,304.00000000,0.91100000,1630914719999,276.94400000,1,0.00000000,0.00000000,0
1630914720000,304.00000000,304.00000000,304.00000000,304.00000000,0.00000000,1630914779999,0.00000000,0,0.00000000,0.00000000,0
1630914780000,304.00000000,304.00000000,304.00000000,304.00000000,0.00000000,1630914839999,0.00000000,0,0.00000000,0.00000000,0
1630914840000,303.70000000,303.70000000,303.40000000,303.50000000,1.07900000,1630914899999,327.40790000,5,0.54400000,165.04960000,0
1630914900000,303.30000000,303.30000000,303.30000000,303.30000000,0.10700000,1630914959999,32.45310000,1,0.00000000,0.00000000,0
1630914960000,303.30000000,303.30000000,303.30000000,303.30000000,0.00000000,1630915019999,0.00000000,0,0.00000000,0.00000000,0
1630915020000,303.30000000,303.30000000,303.30000000,303.30000000,0.03600000,1630915079999,10.91880000,1,0.00000000,0.00000000,0
1630915080000,303.30000000,303.30000000,303.30000000,303.30000000,0.06300000,1630915139999,19.10790000,1,0.00000000,0.00000000,0
1630915140000,303.30000000,303.30000000,303.30000000,303.30000000,0.00000000,1630915199999,0.00000000,0,0.00000000,0.00000000,0
1630915200000,303.30000000,303.30000000,303.30000000,303.30000000,0.00000000,1630915259999,0.00000000,0,0.00000000,0.00000000,0
1630915260000,303.30000000,303.30000000,303.30000000,303.30000000,0.00000000,1630915319999,0.00000000,0,0.00000000,0.00000000,0
1630915320000,303.40000000,303.40000000,303.30000000,303.30000000,9.07000000,1630915379999,2751.09560000,14,0.00000000,0.00000000,0
1630915380000,303.90000000,304.00000000,303.90000000,304.00000000,1.86500000,1630915439999,566.90170000,9,1.44200000,438.30970000,0
1630915440000,304.20000000,304.40000000,304.20000000,304.40000000,2.99100000,1630915499999,910.44740000,8,2.99100000,910.44740000,0
1630915500000,304.20000000,304.20000000,304.20000000,304.20000000,2.72300000,1630915559999,828.33660000,1,0.00000000,0.00000000,0
1630915560000,304.20000000,304.20000000,304.20000000,304.20000000,0.00000000,1630915619999,0.00000000,0,0.00000000,0.00000000,0
1630915620000,304.20000000,304.20000000,304.20000000,304.20000000,0.00000000,1630915679999,0.00000000,0,0.00000000,0.00000000,0
1630915680000,304.30000000,304.30000000,304.30000000,304.30000000,12.59000000,1630915739999,3831.13700000,3,2.71900000,827.39170000,0
1630915740000,304.30000000,304.40000000,304.30000000,304.40000000,8.28200000,1630915799999,2520.97600000,2,8.28200000,2520.97600000,0
1630915800000,304.40000000,304.40000000,304.40000000,304.40000000,4.01200000,1630915859999,1221.25280000,3,3.33400000,1014.86960000,0
1630915860000,304.50000000,304.60000000,303.80000000,303.80000000,0.65500000,1630915919999,199.45930000,3,0.59600000,181.53510000,0
1630915920000,303.80000000,303.80000000,303.80000000,303.80000000,0.21600000,1630915979999,65.62080000,1,0.00000000,0.00000000,0
1630915980000,303.80000000,304.60000000,303.80000000,304.60000000,3.04200000,1630916039999,924.38890000,5,2.99800000,911.02170000,0
1630916040000,304.60000000,304.60000000,304.60000000,304.60000000,0.00000000,1630916099999,0.00000000,0,0.00000000,0.00000000,0
1630916100000,304.60000000,304.60000000,304.60000000,304.60000000,0.06600000,1630916159999,20.10360000,1,0.06600000,20.10360000,0
1630916160000,304.60000000,304.60000000,304.60000000,304.60000000,8.56300000,1630916219999,2608.28980000,5,7.72400000,2352.73040000,0
1630916220000,304.60000000,304.60000000,304.60000000,304.60000000,0.00000000,1630916279999,0.00000000,0,0.00000000,0.00000000,0
1630916280000,304.60000000,304.60000000,304.60000000,304.60000000,0.00000000,1630916339999,0.00000000,0,0.00000000,0.00000000,0
1630916340000,304.60000000,304.60000000,304.60000000,304.60000000,0.38700000,1630916399999,117.88020000,2,0.03400000,10.35640000,0
1630916400000,303.80000000,303.80000000,302.90000000,303.80000000,3.17400000,1630916459999,962.88650000,9,0.16400000,49.82320000,0
1630916460000,303.80000000,303.80000000,303.80000000,303.80000000,0.00000000,1630916519999,0.00000000,0,0.00000000,0.00000000,0
1630916520000,303.80000000,303.90000000,303.80000000,303.90000000,0.99900000,1630916579999,303.50270000,6,0.99900000,303.50270000,0
1630916580000,303.90000000,303.90000000,303.90000000,303.90000000,0.00000000,1630916639999,0.00000000,0,0.00000000,0.00000000,0
1630916640000,303.90000000,303.90000000,303.50000000,303.50000000,20.26100000,1630916699999,6151.70980000,5,1.27100000,386.25690000,0
1630916700000,303.50000000,303.50000000,303.50000000,303.50000000,35.03600000,1630916759999,10633.42600000,3,0.00000000,0.00000000,0
1630916760000,303.50000000,303.50000000,303.50000000,303.50000000,0.00000000,1630916819999,0.00000000,0,0.00000000,0.00000000,0
1630916820000,303.50000000,303.50000000,303.50000000,303.50000000,0.00000000,1630916879999,0.00000000,0,0.00000000,0.00000000,0
1630916880000,303.50000000,303.80000000,303.50000000,303.80000000,3.59300000,1630916939999,1091.46340000,2,3.29300000,1000.41340000,0
1630916940000,303.80000000,303.80000000,303.80000000,303.80000000,0.13500000,1630916999999,41.01300000,1,0.00000000,0.00000000,0
1630917000000,303.80000000,303.80000000,303.80000000,303.80000000,0.00000000,1630917059999,0.00000000,0,0.00000000,0.00000000,0
1630917060000,303.80000000,303.80000000,303.80000000,303.80000000,0.00000000,1630917119999,0.00000000,0,0.00000000,0.00000000,0
1630917120000,303.80000000,303.80000000,303.80000000,303.80000000,0.00000000,1630917179999,0.00000000,0,0.00000000,0.00000000,0
1630917180000,303.80000000,303.80000000,303.80000000,303.80000000,0.00000000,1630917239999,0.00000000,0,0.00000000,0.00000000,0
1630917240000,303.80000000,303.80000000,303.80000000,303.80000000,0.00000000,1630917299999,0.00000000,0,0.00000000,0.00000000,0
1630917300000,304.20000000,304.90000000,304.20000000,304.90000000,36.26400000,1630917359999,11055.69090000,15,36.26400000,11055.69090000,0
1630917360000,304.90000000,304.90000000,304.90000000,304.90000000,0.00000000,1630917419999,0.00000000,0,0.00000000,0.00000000,0
1630917420000,304.90000000,304.90000000,304.90000000,304.90000000,0.00000000,1630917479999,0.00000000,0,0.00000000,0.00000000,0
1630917480000,305.00000000,305.00000000,305.00000000,305.00000000,0.24600000,1630917539999,75.03000000,2,0.24600000,75.03000000,0
1630917540000,304.70000000,305.00000000,304.70000000,305.00000000,1.01800000,1630917599999,310.20440000,2,0.06600000,20.13000000,0
1630917600000,305.00000000,305.00000000,305.00000000,305.00000000,2.17800000,1630917659999,664.29000000,3,2.17800000,664.29000000,0
1630917660000,305.00000000,305.00000000,305.00000000,305.00000000,0.00000000,1630917719999,0.00000000,0,0.00000000,0.00000000,0
1630917720000,305.00000000,305.00000000,304.70000000,304.70000000,1.26100000,1630917779999,384.57560000,3,1.16300000,354.71500000,0
1630917780000,304.70000000,304.70000000,304.70000000,304.70000000,7.13300000,1630917839999,2173.42510000,4,0.00000000,0.00000000,0
1630917840000,304.70000000,304.70000000,304.70000000,304.70000000,0.00000000,1630917899999,0.00000000,0,0.00000000,0.00000000,0
1630917900000,304.70000000,304.70000000,304.70000000,304.70000000,0.00000000,1630917959999,0.00000000,0,0.00000000,0.00000000,0
1630917960000,305.00000000,305.00000000,305.00000000,305.00000000,0.20000000,1630918019999,61.00000000,1,0.20000000,61.00000000,0
1630918020000,305.00000000,305.00000000,305.00000000,305.00000000,1.59000000,1630918079999,484.95000000,2,1.59000000,484.95000000,0
1630918080000,305.00000000,305.00000000,305.00000000,305.00000000,0.00000000,1630918139999,0.00000000,0,0.00000000,0.00000000,0
1630918140000,305.00000000,305.00000000,305.00000000,305.00000000,0.00000000,1630918199999,0.00000000,0,0.00000000,0.00000000,0
1630918200000,305.00000000,305.00000000,305.00000000,305.00000000,3.27800000,1630918259999,999.79000000,1,3.27800000,999.79000000,0
1630918260000,304.70000000,304.70000000,304.70000000,304.70000000,2.15000000,1630918319999,655.10500000,2,0.00000000,0.00000000,0
1630918320000,304.70000000,304.70000000,304.70000000,304.70000000,3.29900000,1630918379999,1005.20530000,1,0.00000000,0.00000000,0
1630918380000,304.70000000,305.00000000,304.70000000,305.00000000,8.95500000,1630918439999,2730.99060000,6,8.08500000,2465.90160000,0
1630918440000,304.60000000,305.00000000,304.60000000,305.00000000,21.19400000,1630918499999,6464.07240000,51,20.95000000,6389.75000000,0
1630918500000,304.60000000,304.60000000,304.60000000,304.60000000,0.24700000,1630918559999,75.23620000,2,0.00000000,0.00000000,0
1630918560000,305.00000000,305.00000000,305.00000000,305.00000000,1.42300000,1630918619999,434.01500000,2,1.42300000,434.01500000,0
1630918620000,304.70000000,304.70000000,304.70000000,304.70000000,0.03200000,1630918679999,9.75040000,1,0.00000000,0.00000000,0
1630918680000,304.70000000,304.70000000,304.70000000,304.70000000,0.00000000,1630918739999,0.00000000,0,0.00000000,0.00000000,0
1630918740000,304.70000000,304.70000000,304.70000000,304.70000000,0.00000000,1630918799999,0.00000000,0,0.00000000,0.00000000,0
1630918800000,304.70000000,304.70000000,304.00000000,304.00000000,0.39600000,1630918859999,120.48700000,6,0.00000000,0.00000000,0
1630918860000,304.30000000,304.70000000,304.30000000,304.70000000,0.67400000,1630918919999,205.29460000,5,0.49100000,149.60770000,0
1630918920000,304.80000000,305.10000000,304.70000000,304.70000000,1.57200000,1630918979999,479.39370000,4,1.06200000,323.99670000,0
1630918980000,304.70000000,304.70000000,304.70000000,304.70000000,0.00000000,1630919039999,0.00000000,0,0.00000000,0.00000000,0
1630919040000,305.20000000,305.20000000,304.70000000,304.70000000,0.94600000,1630919099999,288.69420000,4,0.89600000,273.45920000,0
1630919100000,305.20000000,305.40000000,304.90000000,305.40000000,0.57700000,1630919159999,176.16770000,4,0.49400000,150.86100000,0
1630919160000,305.40000000,305.50000000,304.50000000,305.50000000,6.96800000,1630919219999,2126.77690000,7,0.26200000,80.04100000,0
1630919220000,305.40000000,305.40000000,304.70000000,304.70000000,5.06600000,1630919279999,1545.97530000,7,4.39300000,1340.91220000,0
1630919280000,304.60000000,304.60000000,304.60000000,304.60000000,0.13200000,1630919339999,40.20720000,2,0.06700000,20.40820000,0
1630919340000,304.40000000,304.40000000,304.00000000,304.00000000,9.11000000,1630919399999,2770.40600000,9,1.49900000,455.89280000,0
1630919400000,304.50000000,304.50000000,304.50000000,304.50000000,0.82100000,1630919459999,249.99450000,1,0.82100000,249.99450000,0
1630919460000,304.50000000,304.60000000,304.50000000,304.60000000,0.31500000,1630919519999,95.92190000,2,0.31500000,95.92190000,0
1630919520000,304.70000000,304.70000000,304.70000000,304.70000000,0.06300000,1630919579999,19.19610000,1,0.00000000,0.00000000,0
1630919580000,304.70000000,304.70000000,304.70000000,304.70000000,0.00000000,1630919639999,0.00000000,0,0.00000000,0.00000000,0
1630919640000,304.70000000,304.70000000,304.00000000,304.10000000,3.60400000,1630919699999,1096.90290000,15,0.00000000,0.00000000,0
1630919700000,304.00000000,304.70000000,304.00000000,304.70000000,0.35600000,1630919759999,108.31570000,2,0.13100000,39.91570000,0
1630919760000,304.70000000,304.70000000,304.70000000,304.70000000,0.00000000,1630919819999,0.00000000,0,0.00000000,0.00000000,0
1630919820000,304.70000000,304.70000000,304.70000000,304.70000000,0.00000000,1630919879999,0.00000000,0,0.00000000,0.00000000,0
1630919880000,304.70000000,304.70000000,304.70000000,304.70000000,0.00000000,1630919939999,0.00000000,0,0.00000000,0.00000000,0
1630919940000,304.70000000,304.70000000,304.70000000,304.70000000,0.00000000,1630919999999,0.00000000,0,0.00000000,0.00000000,0
1630920000000,304.60000000,304.60000000,304.60000000,304.60000000,1.64200000,1630920059999,500.15320000,11,1.64200000,500.15320000,0
1630920060000,304.60000000,304.60000000,304.60000000,304.60000000,0.00000000,1630920119999,0.00000000,0,0.00000000,0.00000000,0
1630920120000,304.60000000,304.60000000,304.60000000,304.60000000,0.27600000,1630920179999,84.06960000,1,0.00000000,0.00000000,0
1630920180000,304.60000000,304.60000000,304.60000000,304.60000000,0.14600000,1630920239999,44.47160000,2,0.14600000,44.47160000,0
1630920240000,304.10000000,304.10000000,304.10000000,304.10000000,0.73900000,1630920299999,224.72990000,4,0.00000000,0.00000000,0
1630920300000,304.10000000,304.10000000,304.00000000,304.00000000,1.73700000,1630920359999,528.07270000,8,0.00000000,0.00000000,0
1630920360000,303.70000000,303.70000000,303.70000000,303.70000000,0.50000000,1630920419999,151.85000000,2,0.00000000,0.00000000,0
1630920420000,303.70000000,303.70000000,303.70000000,303.70000000,0.00000000,1630920479999,0.00000000,0,0.00000000,0.00000000,0
1630920480000,303.50000000,303.50000000,303.50000000,303.50000000,0.03300000,1630920539999,10.01550000,1,0.03300000,10.01550000,0
1630920540000,303.40000000,303.40000000,303.30000000,303.30000000,5.94300000,1630920599999,1802.82600000,7,4.55400000,1381.47820000,0
1630920600000,303.30000000,303.30000000,303.20000000,303.30000000,10.83900000,1630920659999,3287.04030000,16,4.72700000,1433.69910000,0
1630920660000,303.70000000,303.80000000,303.70000000,303.80000000,0.73600000,1630920719999,223.53960000,3,0.73600000,223.53960000,0
1630920720000,303.80000000,303.80000000,303.80000000,303.80000000,0.00000000,1630920779999,0.00000000,0,0.00000000,0.00000000,0
1630920780000,303.80000000,303.80000000,303.80000000,303.80000000,0.00000000,1630920839999,0.00000000,0,0.00000000,0.00000000,0
1630920840000,303.80000000,303.80000000,303.80000000,303.80000000,0.00000000,1630920899999,0.00000000,0,0.00000000,0.00000000,0
1630920900000,304.20000000,304.20000000,304.20000000,304.20000000,0.16500000,1630920959999,50.19300000,3,0.06500000,19.77300000,0
1630920960000,304.20000000,304.20000000,304.20000000,304.20000000,0.48500000,1630921019999,147.53700000,1,0.00000000,0.00000000,0
1630921020000,304.10000000,304.20000000,304.10000000,304.20000000,1.78900000,1630921079999,544.04930000,11,1.78900000,544.04930000,0
1630921080000,304.20000000,304.20000000,304.20000000,304.20000000,0.19700000,1630921139999,59.92740000,1,0.19700000,59.92740000,0
1630921140000,304.20000000,304.20000000,304.20000000,304.20000000,0.00000000,1630921199999,0.00000000,0,0.00000000,0.00000000,0
1630921200000,304.20000000,304.20000000,304.20000000,304.20000000,3.65800000,1630921259999,1112.76360000,1,3.65800000,1112.76360000,0
1630921260000,303.90000000,303.90000000,303.60000000,303.60000000,9.25700000,1630921319999,2812.22690000,15,0.00000000,0.00000000,0
1630921320000,303.70000000,303.70000000,303.60000000,303.60000000,4.68700000,1630921379999,1423.00610000,3,0.00000000,0.00000000,0
1630921380000,303.60000000,303.60000000,303.60000000,303.60000000,0.00000000,1630921439999,0.00000000,0,0.00000000,0.00000000,0
1630921440000,303.60000000,303.60000000,303.60000000,303.60000000,2.55200000,1630921499999,774.78720000,11,0.90700000,275.36520000,0
1630921500000,303.60000000,304.30000000,303.60000000,304.30000000,8.21200000,1630921559999,2495.09830000,11,8.21200000,2495.09830000,0
1630921560000,304.30000000,304.50000000,304.30000000,304.50000000,3.72100000,1630921619999,1132.55990000,12,3.72100000,1132.55990000,0
1630921620000,303.90000000,304.10000000,303.80000000,304.10000000,1.86200000,1630921679999,565.95810000,7,0.76200000,231.72420000,0
1630921680000,304.10000000,304.10000000,304.10000000,304.10000000,0.00000000,1630921739999,0.00000000,0,0.00000000,0.00000000,0
1630921740000,304.10000000,304.10000000,304.10000000,304.10000000,0.03600000,1630921799999,10.94760000,1,0.03600000,10.94760000,0
1630921800000,303.60000000,303.60000000,303.50000000,303.50000000,3.36500000,1630921859999,1021.44200000,12,0.00000000,0.00000000,0
1630921860000,303.50000000,304.50000000,303.50000000,304.50000000,3.13200000,1630921919999,951.85510000,6,1.64300000,499.94360000,0
1630921920000,303.90000000,303.90000000,303.50000000,303.50000000,13.00000000,1630921979999,3946.92040000,18,0.00000000,0.00000000,0
1630921980000,303.50000000,303.50000000,303.50000000,303.50000000,0.00000000,1630922039999,0.00000000,0,0.00000000,0.00000000,0
1630922040000,303.50000000,303.50000000,303.50000000,303.50000000,0.00000000,1630922099999,0.00000000,0,0.00000000,0.00000000,0
1630922100000,303.50000000,303.50000000,303.30000000,303.30000000,2.83300000,1630922159999,859.75660000,7,1.50500000,456.76750000,0
1630922160000,303.30000000,303.50000000,303.10000000,303.50000000,0.27100000,1630922219999,82.18230000,5,0.03600000,10.92600000,0
1630922220000,303.20000000,303.40000000,303.10000000,303.10000000,11.92100000,1630922279999,3614.06020000,8,1.97100000,597.46530000,0
1630922280000,303.10000000,303.10000000,303.10000000,303.10000000,0.00000000,1630922339999,0.00000000,0,0.00000000,0.00000000,0
1630922340000,303.10000000,303.10000000,303.10000000,303.10000000,3.27800000,1630922399999,993.56180000,4,2.90200000,879.59620000,0
1630922400000,303.10000000,303.10000000,303.10000000,303.10000000,0.00000000,1630922459999,0.00000000,0,0.00000000,0.00000000,0
1630922460000,303.50000000,303.50000000,303.50000000,303.50000000,1.00000000,1630922519999,303.50000000,3,0.75000000,227.62500000,0
1630922520000,303.50000000,303.50000000,303.20000000,303.20000000,1.09000000,1630922579999,330.78800000,2,1.00000000,303.50000000,0
1630922580000,303.20000000,303.20000000,303.20000000,303.20000000,0.99800000,1630922639999,302.59360000,1,0.00000000,0.00000000,0
1630922640000,303.10000000,303.20000000,303.10000000,303.20000000,3.04300000,1630922699999,922.34520000,2,0.11900000,36.08080000,0
1630922700000,303.50000000,303.60000000,303.50000000,303.60000000,0.12500000,1630922759999,37.94750000,3,0.12500000,37.94750000,0
1630922760000,303.60000000,303.70000000,303.60000000,303.70000000,6.89200000,1630922819999,2092.46330000,6,6.89200000,2092.46330000,0
1630922820000,303.80000000,303.80000000,303.80000000,303.80000000,0.32100000,1630922879999,97.51980000,2,0.32100000,97.51980000,0
1630922880000,303.90000000,304.90000000,303.90000000,304.70000000,13.36900000,1630922939999,4073.10660000,27,13.02600000,3968.59450000,0
1630922940000,304.70000000,304.80000000,304.70000000,304.80000000,3.74500000,1630922999999,1141.18360000,18,2.50800000,764.26970000,0
1630923000000,304.90000000,304.90000000,304.90000000,304.90000000,0.05000000,1630923059999,15.24500000,1,0.05000000,15.24500000,0
1630923060000,304.90000000,304.90000000,304.90000000,304.90000000,0.00000000,1630923119999,0.00000000,0,0.00000000,0.00000000,0
1630923120000,304.90000000,304.90000000,304.90000000,304.90000000,0.29200000,1630923179999,89.03080000,3,0.29200000,89.03080000,0
1630923180000,304.90000000,304.90000000,304.90000000,304.90000000,0.23700000,1630923239999,72.26130000,2,0.23700000,72.26130000,0
1630923240000,304.90000000,304.90000000,304.90000000,304.90000000,0.00000000,1630923299999,0.00000000,0,0.00000000,0.00000000,0
1630923300000,304.90000000,304.90000000,304.90000000,304.90000000,0.00000000,1630923359999,0.00000000,0,0.00000000,0.00000000,0
1630923360000,304.90000000,304.90000000,304.90000000,304.90000000,0.04200000,1630923419999,12.80580000,1,0.04200000,12.80580000,0
1630923420000,304.90000000,305.00000000,304.90000000,305.00000000,33.44200000,1630923479999,10199.41450000,12,33.44200000,10199.41450000,0
1630923480000,305.00000000,305.00000000,305.00000000,305.00000000,0.00000000,1630923539999,0.00000000,0,0.00000000,0.00000000,0
1630923540000,304.90000000,304.90000000,304.90000000,304.90000000,0.06200000,1630923599999,18.90380000,1,0.00000000,0.00000000,0
1630923600000,304.50000000,304.50000000,304.50000000,304.50000000,0.40000000,1630923659999,121.80000000,2,0.00000000,0.00000000,0
1630923660000,304.60000000,304.70000000,303.60000000,303.60000000,2.82800000,1630923719999,860.55270000,10,0.88400000,269.28930000,0
1630923720000,303.60000000,304.60000000,303.60000000,304.60000000,19.05900000,1630923779999,5791.16690000,11,19.05900000,5791.16690000,0
1630923780000,304.70000000,305.20000000,304.60000000,305.20000000,15.67000000,1630923839999,4778.46650000,13,15.36900000,4686.73730000,0
1630923840000,305.40000000,305.50000000,305.40000000,305.50000000,0.69600000,1630923899999,212.60570000,4,0.69600000,212.60570000,0
1630923900000,305.50000000,305.50000000,305.50000000,305.50000000,0.00000000,1630923959999,0.00000000,0,0.00000000,0.00000000,0
1630923960000,305.10000000,305.10000000,305.10000000,305.10000000,3.00000000,1630924019999,915.30000000,1,0.00000000,0.00000000,0
1630924020000,305.50000000,305.50000000,304.70000000,304.70000000,0.40600000,1630924079999,123.76100000,3,0.06600000,20.16300000,0
1630924080000,304.70000000,304.70000000,304.70000000,304.70000000,0.12600000,1630924139999,38.39220000,1,0.00000000,0.00000000,0
1630924140000,304.70000000,304.70000000,304.70000000,304.70000000,1.28800000,1630924199999,392.45360000,2,1.19000000,362.59300000,0
1630924200000,304.60000000,304.60000000,304.10000000,304.40000000,1.16100000,1630924259999,353.43310000,10,0.12500000,38.07500000,0
1630924260000,304.20000000,305.10000000,304.20000000,304.50000000,5.24000000,1630924319999,1598.30880000,16,5.07100000,1546.88520000,0
1630924320000,305.00000000,305.20000000,305.00000000,305.20000000,27.13100000,1630924379999,8276.09330000,21,27.13100000,8276.09330000,0
1630924380000,305.50000000,305.50000000,305.50000000,305.50000000,0.34500000,1630924439999,105.39750000,2,0.34500000,105.39750000,0
1630924440000,305.50000000,306.30000000,305.50000000,306.30000000,20.75700000,1630924499999,6352.52410000,28,16.47000000,5040.42580000,0
1630924500000,306.30000000,307.10000000,306.30000000,307.10000000,26.83500000,1630924559999,8235.92600000,26,16.54800000,5077.92830000,0
1630924560000,307.10000000,307.10000000,307.10000000,307.10000000,0.09200000,1630924619999,28.25320000,1,0.09200000,28.25320000,0
1630924620000,307.10000000,307.10000000,307.10000000,307.10000000,0.19600000,1630924679999,60.19160000,1,0.19600000,60.19160000,0
1630924680000,306.50000000,307.10000000,306.50000000,307.10000000,2.11500000,1630924739999,649.41990000,3,1.97700000,607.12290000,0
1630924740000,307.10000000,307.10000000,306.30000000,306.30000000,5.97700000,1630924799999,1831.98310000,21,0.93700000,287.74500000,0
1630924800000,306.30000000,306.80000000,306.30000000,306.80000000,2.20000000,1630924859999,674.60730000,13,1.71100000,524.82660000,0
1630924860000,306.80000000,306.80000000,306.10000000,306.10000000,0.24700000,1630924919999,75.66410000,2,0.08200000,25.15760000,0
1630924920000,306.10000000,306.10000000,306.10000000,306.10000000,0.00000000,1630924979999,0.00000000,0,0.00000000,0.00000000,0
1630924980000,306.10000000,306.10000000,306.10000000,306.10000000,0.00000000,1630925039999,0.00000000,0,0.00000000,0.00000000,0
1630925040000,306.10000000,306.10000000,306.10000000,306.10000000,0.00000000,1630925099999,0.00000000,0,0.00000000,0.00000000,0
1630925100000,306.10000000,306.80000000,306.10000000,306.80000000,2.58000000,1630925159999,790.74150000,22,0.99000000,303.73200000,0
1630925160000,307.00000000,307.10000000,306.80000000,307.10000000,2.00700000,1630925219999,616.20280000,4,2.00700000,616.20280000,0
1630925220000,306.50000000,306.50000000,306.50000000,306.50000000,7.53800000,1630925279999,2310.39700000,5,7.05700000,2162.97050000,0
1630925280000,306.50000000,307.10000000,306.10000000,307.10000000,8.64100000,1630925339999,2650.98590000,6,8.54800000,2622.51860000,0
1630925340000,307.10000000,307.60000000,306.30000000,307.60000000,29.26200000,1630925399999,8993.13830000,31,27.11900000,8335.13270000,0
1630925400000,307.60000000,307.60000000,306.50000000,306.50000000,1.97300000,1630925459999,606.03260000,5,0.00000000,0.00000000,0
1630925460000,307.40000000,307.60000000,306.60000000,307.60000000,2.43000000,1630925519999,746.07220000,15,0.87500000,269.01570000,0
1630925520000,307.60000000,307.60000000,307.00000000,307.00000000,5.13100000,1630925579999,1577.47240000,19,3.89400000,1197.55070000,0
1630925580000,307.50000000,307.70000000,307.00000000,307.70000000,2.44000000,1630925639999,749.98430000,11,1.24500000,383.02810000,0
1630925640000,307.70000000,308.20000000,307.30000000,308.20000000,18.22100000,1630925699999,5607.94350000,19,15.18500000,4673.48020000,0
1630925700000,308.30000000,308.60000000,308.00000000,308.10000000,8.35400000,1630925759999,2577.02520000,15,7.32300000,2259.22510000,0
1630925760000,308.40000000,309.10000000,308.30000000,309.10000000,12.15700000,1630925819999,3754.83140000,18,12.15700000,3754.83140000,0
1630925820000,309.10000000,309.10000000,308.10000000,308.10000000,13.10500000,1630925879999,4042.04290000,22,4.29900000,1328.40510000,0
1630925880000,308.10000000,308.10000000,308.00000000,308.10000000,1.82000000,1630925939999,560.73860000,5,1.78600000,550.26660000,0
1630925940000,308.10000000,309.40000000,308.10000000,309.40000000,15.23400000,1630925999999,4705.70550000,32,14.93800000,4614.38950000,0
1630926000000,308.90000000,309.40000000,306.80000000,307.80000000,28.66200000,1630926059999,8815.67240000,50,3.42000000,1056.78010000,0
1630926060000,307.80000000,308.60000000,307.80000000,308.60000000,5.60200000,1630926119999,1727.38970000,30,4.62600000,1426.88070000,0
1630926120000,308.60000000,308.60000000,308.20000000,308.20000000,2.74200000,1630926179999,846.11600000,3,2.57900000,795.87940000,0
1630926180000,308.20000000,308.20000000,307.30000000,307.30000000,4.10200000,1630926239999,1263.92740000,9,1.82000000,560.92400000,0
1630926240000,308.10000000,308.10000000,308.10000000,308.10000000,0.33200000,1630926299999,102.28920000,2,0.33200000,102.28920000,0
1630926300000,308.00000000,308.00000000,308.00000000,308.00000000,0.03500000,1630926359999,10.78000000,1,0.03500000,10.78000000,0
1630926360000,308.00000000,308.00000000,308.00000000,308.00000000,0.00000000,1630926419999,0.00000000,0,0.00000000,0.00000000,0
1630926420000,308.00000000,309.40000000,308.00000000,309.20000000,1.94700000,1630926479999,601.38940000,10,1.94700000,601.38940000,0
1630926480000,309.20000000,309.20000000,308.70000000,308.70000000,0.23100000,1630926539999,71.34220000,2,0.06500000,20.09800000,0
1630926540000,308.50000000,308.50000000,306.70000000,306.70000000,1.39000000,1630926599999,428.02490000,10,0.00000000,0.00000000,0
1630926600000,306.90000000,306.90000000,305.30000000,305.90000000,29.61100000,1630926659999,9060.41570000,19,0.00000000,0.00000000,0
1630926660000,306.30000000,306.40000000,305.90000000,306.40000000,1.90400000,1630926719999,582.48010000,5,0.10000000,30.63650000,0
1630926720000,306.50000000,306.80000000,306.40000000,306.40000000,0.74800000,1630926779999,229.32190000,7,0.55300000,169.57390000,0
1630926780000,306.40000000,306.40000000,306.40000000,306.40000000,0.00000000,1630926839999,0.00000000,0,0.00000000,0.00000000,0
1630926840000,306.80000000,308.40000000,306.80000000,308.40000000,6.76400000,1630926899999,2080.95580000,21,6.76400000,2080.95580000,0
1630926900000,308.50000000,308.90000000,308.50000000,308.90000000,8.69500000,1630926959999,2683.90380000,15,8.15100000,2516.07980000,0
1630926960000,308.40000000,309.30000000,308.40000000,308.50000000,10.67900000,1630927019999,3300.08520000,15,9.98800000,3086.85730000,0
1630927020000,308.40000000,308.40000000,308.40000000,308.40000000,0.06400000,1630927079999,19.73760000,1,0.00000000,0.00000000,0
1630927080000,308.40000000,308.40000000,307.40000000,307.40000000,1.15000000,1630927139999,353.81580000,7,0.04900000,15.11160000,0
1630927140000,307.40000000,308.10000000,307.10000000,307.10000000,6.04800000,1630927199999,1857.56360000,7,0.16700000,51.42070000,0
1630927200000,307.10000000,307.10000000,307.10000000,307.10000000,0.40300000,1630927259999,123.76130000,2,0.40300000,123.76130000,0
1630927260000,307.10000000,307.10000000,307.10000000,307.10000000,3.83300000,1630927319999,1177.11430000,1,3.83300000,1177.11430000,0
1630927320000,306.90000000,306.90000000,306.90000000,306.90000000,0.26100000,1630927379999,80.10090000,3,0.00000000,0.00000000,0
1630927380000,307.00000000,307.00000000,306.80000000,306.80000000,4.11900000,1630927439999,1264.01180000,4,0.76300000,234.24100000,0
1630927440000,306.80000000,306.80000000,306.80000000,306.80000000,0.64900000,1630927499999,199.11320000,1,0.00000000,0.00000000,0
1630927500000,306.70000000,306.70000000,306.70000000,306.70000000,8.96800000,1630927559999,2750.48560000,6,8.80800000,2701.41360000,0
1630927560000,306.70000000,306.70000000,306.70000000,306.70000000,1.95400000,1630927619999,599.29180000,2,1.95400000,599.29180000,0
1630927620000,306.80000000,306.90000000,306.80000000,306.90000000,5.49500000,1630927679999,1685.91600000,3,5.49500000,1685.91600000,0
1630927680000,306.90000000,307.70000000,306.90000000,307.70000000,0.62800000,1630927739999,192.88840000,4,0.62800000,192.88840000,0
1630927740000,307.60000000,308.70000000,307.60000000,307.80000000,16.77600000,1630927799999,5165.22670000,16,16.23900000,4999.99730000,0
1630927800000,307.50000000,307.50000000,306.50000000,306.50000000,7.24800000,1630927859999,2224.81680000,10,0.00000000,0.00000000,0
1630927860000,306.30000000,306.30000000,304.90000000,305.10000000,30.94200000,1630927919999,9457.68380000,25,6.52500000,1990.12500000,0
1630927920000,305.10000000,305.10000000,305.10000000,305.10000000,0.00000000,1630927979999,0.00000000,0,0.00000000,0.00000000,0
1630927980000,305.20000000,305.50000000,305.20000000,305.50000000,0.07800000,1630928039999,23.81520000,2,0.03200000,9.77600000,0
1630928040000,305.50000000,305.50000000,305.50000000,305.50000000,5.04800000,1630928099999,1542.16400000,2,4.96800000,1517.72400000,0
1630928100000,305.10000000,305.70000000,304.80000000,304.90000000,7.99900000,1630928159999,2440.03680000,14,1.47200000,449.35140000,0
1630928160000,305.10000000,305.10000000,305.10000000,305.10000000,1.18400000,1630928219999,361.23840000,8,0.00000000,0.00000000,0
1630928220000,305.10000000,305.10000000,305.10000000,305.10000000,0.00000000,1630928279999,0.00000000,0,0.00000000,0.00000000,0
1630928280000,305.10000000,305.10000000,305.10000000,305.10000000,0.00000000,1630928339999,0.00000000,0,0.00000000,0.00000000,0
1630928340000,304.90000000,304.90000000,304.80000000,304.80000000,5.66100000,1630928399999,1725.94990000,14,0.00000000,0.00000000,0
1630928400000,304.80000000,304.80000000,304.80000000,304.80000000,0.35600000,1630928459999,108.50880000,1,0.00000000,0.00000000,0
1630928460000,304.80000000,304.80000000,304.80000000,304.80000000,3.13100000,1630928519999,954.32880000,1,0.00000000,0.00000000,0
1630928520000,304.80000000,305.10000000,304.70000000,304.70000000,8.27400000,1630928579999,2522.02740000,8,0.47000000,143.39700000,0
1630928580000,305.20000000,305.20000000,304.80000000,304.80000000,0.66800000,1630928639999,203.66680000,4,0.09500000,28.99400000,0
1630928640000,304.70000000,304.80000000,303.70000000,303.70000000,16.70900000,1630928699999,5086.42060000,22,0.00000000,0.00000000,0
1630928700000,304.20000000,304.20000000,304.20000000,304.20000000,0.57300000,1630928759999,174.30660000,1,0.00000000,0.00000000,0
1630928760000,304.20000000,304.20000000,304.20000000,304.20000000,0.06500000,1630928819999,19.77300000,1,0.00000000,0.00000000,0
1630928820000,304.20000000,304.20000000,304.20000000,304.20000000,0.07900000,1630928879999,24.03180000,2,0.04500000,13.68900000,0
1630928880000,304.20000000,304.20000000,304.20000000,304.20000000,0.04700000,1630928939999,14.29740000,1,0.00000000,0.00000000,0
1630928940000,304.20000000,305.10000000,304.20000000,305.10000000,1.39500000,1630928999999,424.91490000,5,1.34000000,408.18390000,0
1630929000000,304.70000000,304.70000000,304.70000000,304.70000000,0.04200000,1630929059999,12.79740000,1,0.00000000,0.00000000,0
1630929060000,305.20000000,305.20000000,304.70000000,304.70000000,0.97500000,1630929119999,297.16020000,4,0.06100000,18.61720000,0
1630929120000,305.10000000,306.10000000,305.10000000,306.00000000,1.33600000,1630929179999,408.03930000,11,1.27100000,388.14930000,0
1630929180000,306.00000000,306.00000000,306.00000000,306.00000000,0.00000000,1630929239999,0.00000000,0,0.00000000,0.00000000,0
1630929240000,305.80000000,305.80000000,305.80000000,305.80000000,0.03300000,1630929299999,10.09140000,1,0.03300000,10.09140000,0
1630929300000,305.00000000,305.00000000,303.90000000,303.90000000,3.27000000,1630929359999,994.87940000,9,0.00000000,0.00000000,0
1630929360000,304.00000000,304.00000000,304.00000000,304.00000000,1.49400000,1630929419999,454.17600000,1,0.00000000,0.00000000,0
1630929420000,303.90000000,303.90000000,303.90000000,303.90000000,0.98700000,1630929479999,299.94930000,3,0.00000000,0.00000000,0
1630929480000,303.90000000,303.90000000,303.80000000,303.80000000,1.89600000,1630929539999,576.08790000,3,0.00000000,0.00000000,0
1630929540000,303.80000000,303.80000000,303.80000000,303.80000000,0.00000000,1630929599999,0.00000000,0,0.00000000,0.00000000,0
1630929600000,303.80000000,303.80000000,303.80000000,303.80000000,0.22600000,1630929659999,68.65880000,1,0.00000000,0.00000000,0
1630929660000,303.90000000,303.90000000,302.90000000,302.90000000,16.59500000,1630929719999,5033.99980000,22,0.00000000,0.00000000,0
1630929720000,303.80000000,305.60000000,303.80000000,304.30000000,1.89000000,1630929779999,575.79630000,16,1.27700000,389.04770000,0
1630929780000,304.00000000,304.00000000,301.40000000,301.40000000,50.09800000,1630929839999,15140.30170000,38,14.09100000,4255.53480000,0
1630929840000,301.10000000,301.30000000,300.10000000,301.30000000,19.11900000,1630929899999,5739.67300000,17,0.13200000,39.75180000,0
1630929900000,301.40000000,303.30000000,301.40000000,303.30000000,53.38900000,1630929959999,16155.04150000,23,36.77500000,11116.38130000,0
1630929960000,303.30000000,303.40000000,303.10000000,303.10000000,8.21000000,1630930019999,2490.21500000,7,1.29000000,391.28700000,0
1630930020000,302.60000000,302.60000000,302.30000000,302.30000000,0.60000000,1630930079999,181.54770000,5,0.00000000,0.00000000,0
1630930080000,302.30000000,302.50000000,301.10000000,301.40000000,1.70300000,1630930139999,514.20820000,17,0.64700000,195.49170000,0
1630930140000,301.50000000,303.30000000,301.50000000,303.30000000,2.92300000,1630930199999,883.74410000,12,2.40900000,728.77310000,0
1630930200000,303.10000000,303.10000000,303.00000000,303.00000000,3.84700000,1630930259999,1165.69250000,5,0.00000000,0.00000000,0
1630930260000,303.00000000,303.70000000,303.00000000,303.70000000,1.85900000,1630930319999,564.25890000,7,1.56900000,476.38890000,0
1630930320000,303.70000000,303.70000000,303.50000000,303.50000000,3.86800000,1630930379999,1174.24720000,12,1.54600000,469.52020000,0
1630930380000,303.50000000,303.90000000,303.00000000,303.00000000,5.58600000,1630930439999,1695.31550000,6,1.00000000,303.90000000,0
1630930440000,303.20000000,303.20000000,303.20000000,303.20000000,0.37000000,1630930499999,112.18400000,4,0.00000000,0.00000000,0
1630930500000,303.20000000,303.20000000,303.20000000,303.20000000,0.03400000,1630930559999,10.30880000,1,0.00000000,0.00000000,0
1630930560000,303.50000000,303.50000000,303.50000000,303.50000000,3.01500000,1630930619999,915.05250000,3,0.00000000,0.00000000,0
1630930620000,304.00000000,304.00000000,303.60000000,303.60000000,3.61100000,1630930679999,1096.32600000,15,1.96600000,596.90400000,0
1630930680000,303.60000000,303.60000000,303.50000000,303.50000000,6.59200000,1630930739999,2000.68970000,3,0.00000000,0.00000000,0
1630930740000,303.50000000,303.90000000,303.50000000,303.90000000,1.99500000,1630930799999,605.70290000,7,0.55100000,167.44890000,0
1630930800000,303.50000000,304.20000000,303.50000000,303.60000000,30.14200000,1630930859999,9154.88810000,26,9.52700000,2897.47950000,0
1630930860000,304.00000000,304.30000000,303.80000000,304.30000000,10.53300000,1630930919999,3204.13280000,19,10.22400000,3110.25860000,0
1630930920000,304.30000000,304.40000000,303.80000000,304.40000000,1.08900000,1630930979999,331.42080000,6,1.03200000,314.10420000,0
1630930980000,304.40000000,305.80000000,304.40000000,305.10000000,17.41100000,1630931039999,5305.93680000,34,14.69800000,4478.67700000,0
1630931040000,305.20000000,306.40000000,305.20000000,306.40000000,92.66500000,1630931099999,28369.14760000,59,20.26500000,6196.21380000,0
1630931100000,306.50000000,306.50000000,305.60000000,305.60000000,2.18500000,1630931159999,667.97310000,12,0.08200000,25.13300000,0
1630931160000,306.50000000,306.50000000,305.70000000,305.70000000,0.98300000,1630931219999,301.12560000,6,0.84200000,258.02190000,0
1630931220000,305.70000000,305.70000000,305.70000000,305.70000000,1.85600000,1630931279999,567.37920000,3,1.34500000,411.16650000,0
1630931280000,305.60000000,305.60000000,305.60000000,305.60000000,0.19300000,1630931339999,58.98080000,1,0.00000000,0.00000000,0
1630931340000,305.60000000,305.60000000,304.90000000,304.90000000,0.72200000,1630931399999,220.53220000,5,0.06600000,20.13660000,0
1630931400000,304.90000000,304.90000000,304.90000000,304.90000000,0.00000000,1630931459999,0.00000000,0,0.00000000,0.00000000,0
1630931460000,304.60000000,304.60000000,304.00000000,304.00000000,0.49700000,1630931519999,151.14650000,5,0.00000000,0.00000000,0
1630931520000,304.00000000,305.50000000,303.70000000,305.50000000,6.84100000,1630931579999,2080.95390000,20,1.94600000,593.72840000,0
1630931580000,305.80000000,305.80000000,305.80000000,305.80000000,0.06500000,1630931639999,19.87700000,2,0.06500000,19.87700000,0
1630931640000,306.00000000,306.40000000,306.00000000,306.10000000,1.83700000,1630931699999,562.32210000,6,0.14700000,45.02130000,0
1630931700000,305.70000000,305.70000000,305.70000000,305.70000000,1.01000000,1630931759999,308.75700000,7,0.00000000,0.00000000,0
1630931760000,305.60000000,305.60000000,304.40000000,304.40000000,5.21500000,1630931819999,1592.13670000,13,0.00000000,0.00000000,0
1630931820000,304.40000000,304.40000000,303.80000000,303.90000000,2.11500000,1630931879999,642.94850000,6,0.00000000,0.00000000,0
1630931880000,303.90000000,303.90000000,303.90000000,303.90000000,0.00000000,1630931939999,0.00000000,0,0.00000000,0.00000000,0
1630931940000,303.90000000,303.90000000,303.90000000,303.90000000,0.14900000,1630931999999,45.28110000,1,0.00000000,0.00000000,0
1630932000000,303.90000000,303.90000000,303.10000000,303.10000000,11.51300000,1630932059999,3495.60350000,22,1.61000000,489.11800000,0
1630932060000,303.70000000,303.70000000,303.70000000,303.70000000,1.50000000,1630932119999,455.55000000,1,0.00000000,0.00000000,0
1630932120000,303.70000000,303.70000000,303.70000000,303.70000000,0.40900000,1630932179999,124.21330000,2,0.40900000,124.21330000,0
1630932180000,303.30000000,303.30000000,303.30000000,303.30000000,0.16300000,1630932239999,49.43790000,1,0.00000000,0.00000000,0
1630932240000,303.60000000,303.60000000,303.20000000,303.20000000,0.12300000,1630932299999,37.31280000,2,0.04800000,14.57280000,0
1630932300000,303.20000000,303.20000000,303.20000000,303.20000000,0.00000000,1630932359999,0.00000000,0,0.00000000,0.00000000,0
1630932360000,303.20000000,303.20000000,303.20000000,303.20000000,0.35700000,1630932419999,108.24240000,1,0.00000000,0.00000000,0
1630932420000,303.20000000,303.20000000,303.20000000,303.20000000,0.00000000,1630932479999,0.00000000,0,0.00000000,0.00000000,0
1630932480000,303.20000000,303.20000000,303.20000000,303.20000000,0.00000000,1630932539999,0.00000000,0,0.00000000,0.00000000,0
1630932540000,303.70000000,303.70000000,303.70000000,303.70000000,1.71400000,1630932599999,520.54180000,2,1.71400000,520.54180000,0
1630932600000,303.70000000,303.70000000,303.70000000,303.70000000,0.00000000,1630932659999,0.00000000,0,0.00000000,0.00000000,0
1630932660000,304.00000000,304.00000000,303.40000000,303.40000000,0.41700000,1630932719999,126.61680000,4,0.00000000,0.00000000,0
1630932720000,303.40000000,303.40000000,303.40000000,303.40000000,0.34900000,1630932779999,105.88660000,2,0.00000000,0.00000000,0
1630932780000,303.40000000,303.40000000,303.40000000,303.40000000,0.00000000,1630932839999,0.00000000,0,0.00000000,0.00000000,0
1630932840000,303.40000000,303.40000000,303.40000000,303.40000000,0.00000000,1630932899999,0.00000000,0,0.00000000,0.00000000,0
1630932900000,303.40000000,303.40000000,303.40000000,303.40000000,0.15900000,1630932959999,48.24060000,1,0.00000000,0.00000000,0
1630932960000,303.50000000,303.50000000,303.50000000,303.50000000,1.49100000,1630933019999,452.51850000,1,0.00000000,0.00000000,0
1630933020000,303.50000000,303.50000000,303.50000000,303.50000000,0.00000000,1630933079999,0.00000000,0,0.00000000,0.00000000,0
1630933080000,303.50000000,303.50000000,303.50000000,303.50000000,0.00000000,1630933139999,0.00000000,0,0.00000000,0.00000000,0
1630933140000,303.50000000,303.50000000,303.50000000,303.50000000,0.00000000,1630933199999,0.00000000,0,0.00000000,0.00000000,0
1630933200000,303.50000000,303.50000000,303.50000000,303.50000000,0.07800000,1630933259999,23.67300000,1,0.00000000,0.00000000,0
1630933260000,303.50000000,304.10000000,303.30000000,303.30000000,6.43300000,1630933319999,1952.06460000,8,0.05500000,16.72550000,0
1630933320000,303.30000000,306.00000000,303.30000000,306.00000000,78.82000000,1630933379999,24073.57310000,30,70.85100000,21644.18510000,0
1630933380000,306.00000000,306.90000000,306.00000000,306.90000000,26.17700000,1630933439999,8020.19780000,27,18.91700000,5795.04030000,0
1630933440000,306.10000000,306.10000000,304.70000000,305.70000000,1.13400000,1630933499999,346.60580000,9,0.06600000,20.17620000,0
1630933500000,305.70000000,305.70000000,305.70000000,305.70000000,0.08200000,1630933559999,25.06740000,1,0.08200000,25.06740000,0
1630933560000,305.10000000,305.10000000,304.90000000,304.90000000,4.15300000,1630933619999,1266.44320000,13,0.00000000,0.00000000,0
1630933620000,305.70000000,305.70000000,305.70000000,305.70000000,0.03600000,1630933679999,11.00520000,1,0.03600000,11.00520000,0
1630933680000,304.90000000,304.90000000,304.50000000,304.50000000,0.65700000,1630933739999,200.07740000,3,0.00000000,0.00000000,0
1630933740000,304.50000000,304.50000000,304.50000000,304.50000000,0.00000000,1630933799999,0.00000000,0,0.00000000,0.00000000,0
1630933800000,304.50000000,304.50000000,304.50000000,304.50000000,0.00000000,1630933859999,0.00000000,0,0.00000000,0.00000000,0
1630933860000,304.50000000,304.50000000,304.50000000,304.50000000,0.00000000,1630933919999,0.00000000,0,0.00000000,0.00000000,0
1630933920000,304.50000000,304.50000000,304.50000000,304.50000000,0.00000000,1630933979999,0.00000000,0,0.00000000,0.00000000,0
1630933980000,304.50000000,304.50000000,304.50000000,304.50000000,0.00000000,1630934039999,0.00000000,0,0.00000000,0.00000000,0
1630934040000,304.80000000,304.80000000,304.80000000,304.80000000,0.68700000,1630934099999,209.39760000,2,0.00000000,0.00000000,0
1630934100000,304.80000000,304.80000000,304.20000000,304.20000000,18.78400000,1630934159999,5722.40470000,20,0.00000000,0.00000000,0
1630934160000,304.50000000,304.50000000,304.50000000,304.50000000,0.47300000,1630934219999,144.02850000,1,0.00000000,0.00000000,0
1630934220000,304.50000000,304.50000000,304.50000000,304.50000000,0.00000000,1630934279999,0.00000000,0,0.00000000,0.00000000,0
1630934280000,304.50000000,304.50000000,304.50000000,304.50000000,0.00000000,1630934339999,0.00000000,0,0.00000000,0.00000000,0
1630934340000,304.50000000,304.50000000,304.50000000,304.50000000,0.00000000,1630934399999,0.00000000,0,0.00000000,0.00000000,0
1630934400000,305.10000000,305.10000000,305.10000000,305.10000000,0.06600000,1630934459999,20.13660000,1,0.06600000,20.13660000,0
1630934460000,304.70000000,304.70000000,304.60000000,304.60000000,55.61200000,1630934519999,16939.42180000,7,0.00000000,0.00000000,0
1630934520000,304.60000000,304.60000000,304.60000000,304.60000000,0.00000000,1630934579999,0.00000000,0,0.00000000,0.00000000,0
1630934580000,304.60000000,304.60000000,304.60000000,304.60000000,0.00000000,1630934639999,0.00000000,0,0.00000000,0.00000000,0
1630934640000,304.60000000,304.60000000,304.60000000,304.60000000,0.03500000,1630934699999,10.66100000,1,0.00000000,0.00000000,0
1630934700000,304.60000000,304.60000000,304.60000000,304.60000000,0.00000000,1630934759999,0.00000000,0,0.00000000,0.00000000,0
1630934760000,304.60000000,304.60000000,304.60000000,304.60000000,1.27100000,1630934819999,387.14660000,2,0.00000000,0.00000000,0
1630934820000,304.60000000,304.60000000,304.60000000,304.60000000,0.00000000,1630934879999,0.00000000,0,0.00000000,0.00000000,0
1630934880000,305.10000000,305.10000000,305.10000000,305.10000000,0.54600000,1630934939999,166.58460000,3,0.54600000,166.58460000,0
1630934940000,305.10000000,305.10000000,305.10000000,305.10000000,0.00000000,1630934999999,0.00000000,0,0.00000000,0.00000000,0
1630935000000,305.20000000,305.20000000,305.20000000,305.20000000,0.06500000,1630935059999,19.83800000,1,0.06500000,19.83800000,0
1630935060000,305.50000000,306.00000000,305.50000000,306.00000000,0.40000000,1630935119999,122.35450000,4,0.36700000,112.25650000,0
1630935120000,306.10000000,307.30000000,306.10000000,307.10000000,6.41800000,1630935179999,1971.02390000,10,6.41800000,1971.02390000,0
1630935180000,307.10000000,307.10000000,307.10000000,307.10000000,0.00000000,1630935239999,0.00000000,0,0.00000000,0.00000000,0
1630935240000,306.40000000,306.40000000,305.30000000,306.20000000,1.08900000,1630935299999,333.28020000,8,0.10400000,31.84480000,0
1630935300000,305.30000000,305.40000000,304.50000000,304.50000000,0.89000000,1630935359999,271.28760000,9,0.09900000,30.23460000,0
1630935360000,304.70000000,305.40000000,304.70000000,305.40000000,0.19800000,1630935419999,60.39920000,2,0.09800000,29.92920000,0
1630935420000,304.80000000,305.40000000,304.80000000,305.40000000,0.12200000,1630935479999,37.20480000,2,0.03200000,9.77280000,0
1630935480000,304.80000000,304.80000000,304.70000000,304.70000000,0.12300000,1630935539999,37.47890000,3,0.00000000,0.00000000,0
1630935540000,304.70000000,304.70000000,304.70000000,304.70000000,0.00000000,1630935599999,0.00000000,0,0.00000000,0.00000000,0
1630935600000,304.70000000,304.70000000,304.70000000,304.70000000,0.00000000,1630935659999,0.00000000,0,0.00000000,0.00000000,0
1630935660000,304.70000000,304.70000000,304.70000000,304.70000000,0.07400000,1630935719999,22.54780000,1,0.00000000,0.00000000,0
1630935720000,304.60000000,304.60000000,304.60000000,304.60000000,0.33500000,1630935779999,102.04100000,1,0.00000000,0.00000000,0
1630935780000,304.60000000,304.60000000,304.60000000,304.60000000,0.66800000,1630935839999,203.47280000,2,0.00000000,0.00000000,0
1630935840000,304.60000000,304.60000000,304.60000000,304.60000000,0.00000000,1630935899999,0.00000000,0,0.00000000,0.00000000,0
1630935900000,304.60000000,304.60000000,304.60000000,304.60000000,0.22500000,1630935959999,68.53500000,1,0.00000000,0.00000000,0
1630935960000,304.50000000,305.10000000,304.50000000,305.10000000,0.49800000,1630936019999,151.66500000,2,0.04000000,12.20400000,0
1630936020000,305.10000000,305.10000000,305.10000000,305.10000000,0.00000000,1630936079999,0.00000000,0,0.00000000,0.00000000,0
1630936080000,304.70000000,304.70000000,304.70000000,304.70000000,0.23300000,1630936139999,70.99510000,1,0.00000000,0.00000000,0
1630936140000,304.70000000,304.70000000,304.70000000,304.70000000,2.06200000,1630936199999,628.29140000,1,0.00000000,0.00000000,0
1630936200000,304.70000000,304.70000000,304.70000000,304.70000000,2.01500000,1630936259999,613.97050000,1,2.01500000,613.97050000,0
1630936260000,304.70000000,304.70000000,304.70000000,304.70000000,0.00000000,1630936319999,0.00000000,0,0.00000000,0.00000000,0
1630936320000,304.70000000,304.70000000,304.70000000,304.70000000,0.00000000,1630936379999,0.00000000,0,0.00000000,0.00000000,0
1630936380000,304.70000000,304.70000000,304.70000000,304.70000000,0.00000000,1630936439999,0.00000000,0,0.00000000,0.00000000,0
1630936440000,304.70000000,304.70000000,304.70000000,304.70000000,0.00000000,1630936499999,0.00000000,0,0.00000000,0.00000000,0
1630936500000,304.70000000,304.70000000,304.70000000,304.70000000,0.77200000,1630936559999,235.22840000,1,0.00000000,0.00000000,0
1630936560000,304.70000000,304.70000000,304.70000000,304.70000000,0.00000000,1630936619999,0.00000000,0,0.00000000,0.00000000,0
1630936620000,304.80000000,304.80000000,304.80000000,304.80000000,2.22400000,1630936679999,677.87520000,5,0.00000000,0.00000000,0
1630936680000,305.10000000,305.10000000,305.10000000,305.10000000,0.40900000,1630936739999,124.78590000,1,0.00000000,0.00000000,0
1630936740000,304.70000000,304.70000000,304.70000000,304.70000000,1.60700000,1630936799999,489.65290000,1,0.00000000,0.00000000,0
1630936800000,304.70000000,304.70000000,304.70000000,304.70000000,0.00000000,1630936859999,0.00000000,0,0.00000000,0.00000000,0
1630936860000,304.70000000,304.70000000,304.60000000,304.70000000,3.27100000,1630936919999,996.50700000,3,1.30000000,396.11000000,0
1630936920000,304.70000000,306.60000000,304.30000000,306.60000000,38.92900000,1630936979999,11906.49490000,52,21.03200000,6433.42660000,0
1630936980000,306.80000000,307.00000000,305.80000000,305.80000000,4.52600000,1630937039999,1388.52200000,10,3.97000000,1218.35030000,0
1630937040000,305.70000000,305.70000000,305.00000000,305.00000000,13.91200000,1630937099999,4244.81550000,18,0.00000000,0.00000000,0
1630937100000,305.20000000,305.20000000,305.20000000,305.20000000,0.04600000,1630937159999,14.03920000,1,0.00000000,0.00000000,0
1630937160000,305.20000000,305.20000000,305.00000000,305.20000000,7.92000000,1630937219999,2416.05860000,13,0.00000000,0.00000000,0
1630937220000,305.20000000,305.20000000,305.20000000,305.20000000,0.49500000,1630937279999,151.07400000,1,0.00000000,0.00000000,0
1630937280000,305.20000000,305.20000000,305.20000000,305.20000000,0.00000000,1630937339999,0.00000000,0,0.00000000,0.00000000,0
1630937340000,305.20000000,305.20000000,305.20000000,305.20000000,0.00000000,1630937399999,0.00000000,0,0.00000000,0.00000000,0
1630937400000,305.20000000,305.20000000,305.20000000,305.20000000,0.00000000,1630937459999,0.00000000,0,0.00000000,0.00000000,0
1630937460000,305.20000000,305.20000000,305.20000000,305.20000000,0.00000000,1630937519999,0.00000000,0,0.00000000,0.00000000,0
1630937520000,305.20000000,305.20000000,305.20000000,305.20000000,0.00000000,1630937579999,0.00000000,0,0.00000000,0.00000000,0
1630937580000,306.00000000,307.00000000,306.00000000,307.00000000,9.69800000,1630937639999,2972.82320000,18,9.69800000,2972.82320000,0
1630937640000,307.10000000,307.40000000,306.40000000,307.20000000,31.39400000,1630937699999,9644.98620000,33,29.77600000,9147.69500000,0
1630937700000,306.70000000,308.00000000,306.40000000,308.00000000,26.75000000,1630937759999,8232.37970000,47,23.07300000,7101.16080000,0
1630937760000,307.50000000,308.00000000,307.40000000,308.00000000,1.68900000,1630937819999,519.28950000,11,0.08200000,25.25600000,0
1630937820000,308.00000000,308.30000000,308.00000000,308.30000000,2.00100000,1630937879999,616.63260000,12,2.00100000,616.63260000,0
1630937880000,308.30000000,308.60000000,308.30000000,308.30000000,14.04300000,1630937939999,4332.55780000,11,13.63200000,4205.84650000,0
1630937940000,308.20000000,308.20000000,308.20000000,308.20000000,0.22900000,1630937999999,70.57780000,3,0.00000000,0.00000000,0
1630938000000,308.20000000,308.20000000,308.20000000,308.20000000,2.52600000,1630938059999,778.51320000,1,0.00000000,0.00000000,0
1630938060000,308.70000000,308.70000000,308.70000000,308.70000000,0.06400000,1630938119999,19.75680000,1,0.06400000,19.75680000,0
1630938120000,308.70000000,308.70000000,308.70000000,308.70000000,0.00000000,1630938179999,0.00000000,0,0.00000000,0.00000000,0
1630938180000,308.80000000,308.80000000,308.80000000,308.80000000,0.08100000,1630938239999,25.01280000,1,0.08100000,25.01280000,0
1630938240000,308.40000000,308.40000000,308.30000000,308.30000000,0.47900000,1630938299999,147.71720000,4,0.00000000,0.00000000,0
1630938300000,308.80000000,309.00000000,308.30000000,309.00000000,7.12400000,1630938359999,2200.49690000,13,6.96400000,2151.12970000,0
1630938360000,309.00000000,309.80000000,308.90000000,309.00000000,15.45600000,1630938419999,4779.91760000,17,12.79900000,3958.86690000,0
1630938420000,309.40000000,309.70000000,309.00000000,309.10000000,0.65500000,1630938479999,202.64880000,6,0.38800000,120.12250000,0
1630938480000,309.10000000,309.10000000,308.50000000,308.50000000,2.18200000,1630938539999,673.83580000,5,0.00000000,0.00000000,0
1630938540000,308.50000000,308.50000000,308.50000000,308.50000000,0.00000000,1630938599999,0.00000000,0,0.00000000,0.00000000,0
1630938600000,308.50000000,308.50000000,308.50000000,308.50000000,0.00000000,1630938659999,0.00000000,0,0.00000000,0.00000000,0
1630938660000,309.50000000,309.50000000,308.70000000,308.70000000,0.42600000,1630938719999,131.57910000,4,0.08100000,25.06950000,0
1630938720000,309.50000000,309.80000000,309.50000000,309.70000000,3.06900000,1630938779999,950.45560000,12,3.06900000,950.45560000,0
1630938780000,309.10000000,309.10000000,309.00000000,309.00000000,0.46900000,1630938839999,144.95670000,3,0.00000000,0.00000000,0
1630938840000,309.00000000,309.00000000,309.00000000,309.00000000,1.37500000,1630938899999,424.87500000,10,0.00000000,0.00000000,0
1630938900000,309.00000000,309.00000000,308.20000000,308.20000000,2.09600000,1630938959999,647.10820000,6,1.39000000,429.37100000,0
1630938960000,308.70000000,308.90000000,308.70000000,308.90000000,4.19400000,1630939019999,1295.29320000,16,4.19400000,1295.29320000,0
1630939020000,308.90000000,308.90000000,308.90000000,308.90000000,0.00000000,1630939079999,0.00000000,0,0.00000000,0.00000000,0
1630939080000,309.30000000,309.70000000,308.80000000,308.80000000,0.96300000,1630939139999,298.12270000,4,0.86700000,268.47790000,0
1630939140000,308.80000000,308.80000000,308.80000000,308.80000000,1.18100000,1630939199999,364.69280000,3,0.87500000,270.20000000,0
1630939200000,308.70000000,308.70000000,307.30000000,307.30000000,4.07600000,1630939259999,1253.54230000,9,2.22900000,684.97170000,0
1630939260000,307.30000000,307.30000000,307.30000000,307.30000000,0.00000000,1630939319999,0.00000000,0,0.00000000,0.00000000,0
1630939320000,307.50000000,307.50000000,307.50000000,307.50000000,0.65700000,1630939379999,202.02750000,4,0.00000000,0.00000000,0
1630939380000,307.50000000,307.50000000,307.50000000,307.50000000,0.00000000,1630939439999,0.00000000,0,0.00000000,0.00000000,0
1630939440000,307.50000000,307.50000000,307.50000000,307.50000000,0.00000000,1630939499999,0.00000000,0,0.00000000,0.00000000,0
1630939500000,308.30000000,309.00000000,308.30000000,309.00000000,2.28300000,1630939559999,704.98400000,9,0.92200000,284.49340000,0
1630939560000,308.80000000,308.90000000,308.70000000,308.90000000,9.76100000,1630939619999,3014.21360000,14,6.64600000,2052.30160000,0
1630939620000,309.00000000,309.00000000,308.70000000,308.70000000,0.70600000,1630939679999,218.10570000,2,0.54500000,168.40500000,0
1630939680000,308.90000000,310.20000000,308.90000000,310.20000000,33.92500000,1630939739999,10512.83420000,33,21.01200000,6509.80420000,0
1630939740000,310.20000000,310.50000000,310.20000000,310.50000000,5.10000000,1630939799999,1583.06810000,5,5.10000000,1583.06810000,0
1630939800000,310.20000000,310.20000000,309.70000000,309.70000000,0.36000000,1630939859999,111.55400000,3,0.08100000,25.12620000,0
1630939860000,309.70000000,309.70000000,309.60000000,309.60000000,1.36900000,1630939919999,423.97290000,5,0.93800000,290.49860000,0
1630939920000,309.60000000,310.60000000,309.60000000,310.60000000,32.24900000,1630939979999,10001.46000000,18,30.92400000,9590.69700000,0
1630939980000,310.50000000,310.90000000,310.50000000,310.90000000,5.04800000,1630940039999,1568.27940000,8,2.91400000,905.03220000,0
1630940040000,310.20000000,310.30000000,308.60000000,309.00000000,10.73900000,1630940099999,3322.68030000,27,0.00000000,0.00000000,0
1630940100000,309.00000000,309.00000000,308.30000000,308.30000000,9.67000000,1630940159999,2985.65480000,15,0.00000000,0.00000000,0
1630940160000,308.60000000,310.60000000,308.60000000,309.30000000,7.77400000,1630940219999,2406.95500000,28,3.09400000,960.28460000,0
1630940220000,309.40000000,310.30000000,309.00000000,310.30000000,7.56300000,1630940279999,2346.24620000,19,7.27900000,2258.39220000,0
1630940280000,309.80000000,309.80000000,309.70000000,309.70000000,1.07200000,1630940339999,332.03570000,4,0.00000000,0.00000000,0
1630940340000,309.70000000,309.70000000,309.70000000,309.70000000,0.00000000,1630940399999,0.00000000,0,0.00000000,0.00000000,0
1630940400000,309.90000000,309.90000000,309.90000000,309.90000000,0.45300000,1630940459999,140.38470000,4,0.37800000,117.14220000,0
1630940460000,309.90000000,309.90000000,309.90000000,309.90000000,0.22500000,1630940519999,69.72750000,1,0.00000000,0.00000000,0
1630940520000,309.90000000,309.90000000,309.90000000,309.90000000,0.00000000,1630940579999,0.00000000,0,0.00000000,0.00000000,0
1630940580000,309.80000000,309.80000000,309.60000000,309.60000000,2.31200000,1630940639999,716.03200000,13,0.00000000,0.00000000,0
1630940640000,309.60000000,309.60000000,309.60000000,309.60000000,0.00000000,1630940699999,0.00000000,0,0.00000000,0.00000000,0
1630940700000,310.20000000,310.20000000,310.20000000,310.20000000,0.11300000,1630940759999,35.05260000,2,0.11300000,35.05260000,0
1630940760000,310.10000000,310.20000000,310.10000000,310.20000000,0.32500000,1630940819999,100.78850000,4,0.32500000,100.78850000,0
1630940820000,310.20000000,310.20000000,309.50000000,309.50000000,0.09500000,1630940879999,29.42490000,2,0.03200000,9.92640000,0
1630940880000,309.60000000,310.20000000,309.60000000,310.20000000,0.55900000,1630940939999,173.34230000,4,0.48300000,149.81270000,0
1630940940000,309.40000000,309.40000000,309.40000000,309.40000000,0.12400000,1630940999999,38.36560000,1,0.00000000,0.00000000,0
1630941000000,309.90000000,310.20000000,309.90000000,309.90000000,3.00000000,1630941059999,930.00000000,6,0.68800000,213.38040000,0
1630941060000,310.20000000,310.20000000,310.20000000,310.20000000,3.40800000,1630941119999,1057.16160000,2,3.40800000,1057.16160000,0
1630941120000,310.20000000,310.20000000,310.20000000,310.20000000,1.00000000,1630941179999,310.20000000,2,0.00000000,0.00000000,0
1630941180000,310.20000000,310.20000000,310.20000000,310.20000000,0.00000000,1630941239999,0.00000000,0,0.00000000,0.00000000,0
1630941240000,310.20000000,310.20000000,310.20000000,310.20000000,0.55000000,1630941299999,170.61000000,1,0.00000000,0.00000000,0
1630941300000,310.20000000,311.00000000,309.90000000,310.40000000,31.18500000,1630941359999,9685.74320000,25,22.14100000,6880.23430000,0
1630941360000,311.00000000,311.00000000,310.40000000,310.50000000,7.38600000,1630941419999,2296.04470000,17,0.39800000,123.77800000,0
1630941420000,311.00000000,311.20000000,310.80000000,310.80000000,3.78600000,1630941479999,1177.59680000,8,1.68400000,523.97480000,0
1630941480000,310.70000000,310.70000000,310.70000000,310.70000000,0.13900000,1630941539999,43.18730000,1,0.00000000,0.00000000,0
1630941540000,311.00000000,311.30000000,311.00000000,311.00000000,5.86200000,1630941599999,1823.74770000,9,1.18000000,367.22090000,0
1630941600000,311.00000000,311.00000000,311.00000000,311.00000000,3.82700000,1630941659999,1190.19700000,2,0.00000000,0.00000000,0
1630941660000,311.10000000,311.10000000,311.10000000,311.10000000,0.62100000,1630941719999,193.19310000,2,0.00000000,0.00000000,0
1630941720000,311.40000000,311.40000000,311.40000000,311.40000000,0.64200000,1630941779999,199.91880000,1,0.64200000,199.91880000,0
1630941780000,311.40000000,311.40000000,311.40000000,311.40000000,0.00000000,1630941839999,0.00000000,0,0.00000000,0.00000000,0
1630941840000,311.40000000,311.40000000,311.40000000,311.40000000,0.00000000,1630941899999,0.00000000,0,0.00000000,0.00000000,0
1630941900000,311.10000000,311.10000000,311.10000000,311.10000000,0.59300000,1630941959999,184.48230000,2,0.59300000,184.48230000,0
1630941960000,311.10000000,311.10000000,311.10000000,311.10000000,0.00000000,1630942019999,0.00000000,0,0.00000000,0.00000000,0
1630942020000,311.10000000,311.10000000,311.10000000,311.10000000,0.00000000,1630942079999,0.00000000,0,0.00000000,0.00000000,0
1630942080000,311.10000000,311.10000000,311.10000000,311.10000000,0.19500000,1630942139999,60.66450000,1,0.19500000,60.66450000,0
1630942140000,311.40000000,311.60000000,311.40000000,311.60000000,25.07400000,1630942199999,7811.44340000,19,23.12300000,7203.51180000,0
1630942200000,311.60000000,311.80000000,310.80000000,310.90000000,18.81900000,1630942259999,5864.29250000,21,5.83100000,1818.06960000,0
1630942260000,310.90000000,310.90000000,310.90000000,310.90000000,0.00000000,1630942319999,0.00000000,0,0.00000000,0.00000000,0
1630942320000,311.60000000,311.60000000,311.60000000,311.60000000,2.02000000,1630942379999,629.43200000,3,0.43900000,136.79240000,0
1630942380000,311.70000000,311.70000000,311.10000000,311.10000000,1.31600000,1630942439999,410.17740000,10,1.28300000,399.91110000,0
1630942440000,311.10000000,311.10000000,310.90000000,310.90000000,10.10500000,1630942499999,3142.39430000,13,0.00000000,0.00000000,0
1630942500000,311.00000000,311.00000000,311.00000000,311.00000000,42.05200000,1630942559999,13078.17200000,9,28.83900000,8968.92900000,0
1630942560000,311.00000000,311.00000000,311.00000000,311.00000000,0.48300000,1630942619999,150.21300000,3,0.10300000,32.03300000,0
1630942620000,310.90000000,311.60000000,310.90000000,311.60000000,10.81300000,1630942679999,3364.19540000,21,7.04400000,2192.41330000,0
1630942680000,311.60000000,311.60000000,311.00000000,311.00000000,0.26300000,1630942739999,81.93100000,3,0.00000000,0.00000000,0
1630942740000,311.00000000,311.50000000,311.00000000,311.00000000,0.33000000,1630942799999,102.64750000,5,0.03500000,10.90250000,0
1630942800000,311.50000000,311.50000000,311.50000000,311.50000000,2.56800000,1630942859999,799.93200000,2,2.56800000,799.93200000,0
1630942860000,311.50000000,311.50000000,311.50000000,311.50000000,0.00000000,1630942919999,0.00000000,0,0.00000000,0.00000000,0
1630942920000,311.40000000,311.40000000,310.90000000,310.90000000,3.55200000,1630942979999,1104.37450000,4,0.07600000,23.66640000,0
1630942980000,311.10000000,311.10000000,310.90000000,310.90000000,0.15700000,1630943039999,48.82390000,2,0.06300000,19.59930000,0
1630943040000,310.90000000,310.90000000,310.90000000,310.90000000,0.04500000,1630943099999,13.99050000,1,0.00000000,0.00000000,0
1630943100000,311.10000000,311.50000000,311.10000000,311.50000000,2.05300000,1630943159999,639.48830000,5,2.05300000,639.48830000,0
1630943160000,311.50000000,311.80000000,311.50000000,311.80000000,3.69500000,1630943219999,1151.00210000,12,3.03200000,944.47760000,0
1630943220000,311.60000000,312.20000000,311.40000000,312.20000000,19.73700000,1630943279999,6155.96450000,30,18.54300000,5783.86610000,0
1630943280000,311.40000000,311.50000000,311.40000000,311.50000000,1.40900000,1630943339999,438.85580000,10,0.00000000,0.00000000,0
1630943340000,311.80000000,311.80000000,311.40000000,311.40000000,19.77000000,1630943399999,6157.76670000,9,0.05400000,16.83720000,0
1630943400000,311.40000000,311.40000000,311.40000000,311.40000000,1.30000000,1630943459999,404.82000000,2,0.00000000,0.00000000,0
1630943460000,311.80000000,311.90000000,311.80000000,311.90000000,0.60200000,1630943519999,187.74080000,4,0.60200000,187.74080000,0
1630943520000,311.50000000,311.90000000,311.50000000,311.90000000,0.57500000,1630943579999,179.12570000,2,0.03300000,10.29270000,0
1630943580000,311.90000000,311.90000000,311.90000000,311.90000000,0.07500000,1630943639999,23.39250000,1,0.07500000,23.39250000,0
1630943640000,311.50000000,311.50000000,311.10000000,311.10000000,8.25400000,1630943699999,2570.07240000,6,0.00000000,0.00000000,0
1630943700000,311.80000000,312.00000000,311.10000000,311.10000000,7.49500000,1630943759999,2334.60960000,9,2.95000000,920.24090000,0
1630943760000,311.80000000,311.80000000,311.80000000,311.80000000,0.44500000,1630943819999,138.75100000,3,0.44500000,138.75100000,0
1630943820000,311.80000000,311.80000000,311.80000000,311.80000000,0.20900000,1630943879999,65.16620000,2,0.04200000,13.09560000,0
1630943880000,311.20000000,311.20000000,310.90000000,310.90000000,3.32700000,1630943939999,1034.74580000,17,0.00000000,0.00000000,0
1630943940000,311.10000000,311.10000000,311.10000000,311.10000000,1.12000000,1630943999999,348.43200000,1,1.12000000,348.43200000,0
1630944000000,310.90000000,311.10000000,310.90000000,311.10000000,10.98600000,1630944059999,3415.56140000,6,0.07000000,21.77700000,0
1630944060000,311.10000000,311.10000000,311.00000000,311.00000000,1.86200000,1630944119999,579.26180000,5,1.79800000,559.35780000,0
1630944120000,311.00000000,311.00000000,311.00000000,311.00000000,0.03300000,1630944179999,10.26300000,1,0.00000000,0.00000000,0
1630944180000,311.40000000,311.50000000,311.40000000,311.50000000,0.98700000,1630944239999,307.40180000,6,0.98700000,307.40180000,0
1630944240000,311.60000000,311.60000000,311.60000000,311.60000000,0.20600000,1630944299999,64.18960000,2,0.20600000,64.18960000,0
1630944300000,311.60000000,311.60000000,311.60000000,311.60000000,0.00000000,1630944359999,0.00000000,0,0.00000000,0.00000000,0
1630944360000,311.80000000,311.90000000,311.80000000,311.90000000,0.41600000,1630944419999,129.74400000,5,0.41600000,129.74400000,0
1630944420000,311.60000000,311.60000000,311.60000000,311.60000000,0.22600000,1630944479999,70.42160000,1,0.00000000,0.00000000,0
1630944480000,311.90000000,311.90000000,311.90000000,311.90000000,0.35400000,1630944539999,110.41260000,4,0.35400000,110.41260000,0
1630944540000,311.60000000,311.60000000,311.60000000,311.60000000,3.28600000,1630944599999,1023.91760000,1,0.00000000,0.00000000,0
1630944600000,311.60000000,311.60000000,311.60000000,311.60000000,0.00000000,1630944659999,0.00000000,0,0.00000000,0.00000000,0
1630944660000,311.10000000,311.10000000,310.90000000,310.90000000,4.72200000,1630944719999,1468.34110000,17,0.00000000,0.00000000,0
1630944720000,310.90000000,310.90000000,310.90000000,310.90000000,11.25000000,1630944779999,3497.62500000,8,0.00000000,0.00000000,0
1630944780000,310.90000000,310.90000000,310.80000000,310.80000000,10.67700000,1630944839999,3318.79390000,12,0.00000000,0.00000000,0
1630944840000,310.80000000,310.80000000,310.80000000,310.80000000,0.97600000,1630944899999,303.34080000,3,0.00000000,0.00000000,0
1630944900000,310.80000000,311.20000000,310.80000000,311.20000000,1.35200000,1630944959999,420.53640000,2,0.83700000,260.47440000,0
1630944960000,310.80000000,311.50000000,310.80000000,311.50000000,3.72300000,1630945019999,1157.69780000,6,0.84200000,262.28300000,0
1630945020000,311.50000000,311.50000000,311.50000000,311.50000000,0.51200000,1630945079999,159.48800000,1,0.51200000,159.48800000,0
1630945080000,310.90000000,310.90000000,310.80000000,310.80000000,0.89300000,1630945139999,277.59670000,4,0.00000000,0.00000000,0
1630945140000,310.80000000,310.80000000,310.70000000,310.70000000,25.90400000,1630945199999,8050.36240000,7,0.00000000,0.00000000,0
1630945200000,311.00000000,311.00000000,311.00000000,311.00000000,0.65200000,1630945259999,202.77200000,1,0.65200000,202.77200000,0
1630945260000,310.80000000,310.80000000,310.80000000,310.80000000,0.09600000,1630945319999,29.83680000,1,0.00000000,0.00000000,0
1630945320000,311.00000000,311.00000000,311.00000000,311.00000000,0.70200000,1630945379999,218.32200000,2,0.70200000,218.32200000,0
1630945380000,310.80000000,310.80000000,309.30000000,309.70000000,39.32000000,1630945439999,12214.40820000,17,0.03300000,10.22010000,0
1630945440000,309.90000000,310.90000000,309.50000000,309.60000000,3.78500000,1630945499999,1173.89760000,13,2.19900000,682.98180000,0
1630945500000,309.60000000,310.50000000,309.40000000,309.40000000,4.98200000,1630945559999,1542.69920000,14,4.06100000,1257.66720000,0
1630945560000,309.40000000,310.10000000,309.20000000,310.10000000,2.11600000,1630945619999,654.72920000,5,0.06500000,20.15650000,0
1630945620000,310.10000000,310.80000000,310.10000000,310.80000000,3.45500000,1630945679999,1073.26170000,7,3.45500000,1073.26170000,0
1630945680000,310.00000000,310.00000000,309.40000000,309.40000000,1.30400000,1630945739999,403.82700000,9,0.00000000,0.00000000,0
1630945740000,309.30000000,309.30000000,309.30000000,309.30000000,2.33200000,1630945799999,721.28760000,4,0.45300000,140.11290000,0
1630945800000,309.30000000,309.30000000,309.30000000,309.30000000,0.00000000,1630945859999,0.00000000,0,0.00000000,0.00000000,0
1630945860000,309.30000000,309.30000000,309.30000000,309.30000000,0.00000000,1630945919999,0.00000000,0,0.00000000,0.00000000,0
1630945920000,309.20000000,309.20000000,309.20000000,309.20000000,0.06500000,1630945979999,20.09800000,1,0.00000000,0.00000000,0
1630945980000,309.20000000,309.30000000,309.20000000,309.20000000,1.07600000,1630946039999,332.71520000,4,0.00000000,0.00000000,0
1630946040000,309.80000000,309.80000000,309.80000000,309.80000000,0.12900000,1630946099999,39.96420000,1,0.12900000,39.96420000,0
1630946100000,309.80000000,309.80000000,309.80000000,309.80000000,0.00000000,1630946159999,0.00000000,0,0.00000000,0.00000000,0
1630946160000,309.30000000,309.30000000,309.20000000,309.20000000,1.17400000,1630946219999,363.01510000,5,0.00000000,0.00000000,0
1630946220000,309.20000000,309.20000000,309.00000000,309.00000000,7.74000000,1630946279999,2392.54320000,14,0.00000000,0.00000000,0
1630946280000,308.70000000,308.70000000,308.20000000,308.20000000,6.62800000,1630946339999,2044.01480000,10,2.20200000,679.12280000,0
1630946340000,308.30000000,309.20000000,308.30000000,309.20000000,8.16000000,1630946399999,2521.61450000,19,8.10700000,2505.27460000,0
1630946400000,309.20000000,309.20000000,309.20000000,309.20000000,0.00000000,1630946459999,0.00000000,0,0.00000000,0.00000000,0
1630946460000,308.40000000,308.40000000,308.20000000,308.30000000,16.75400000,1630946519999,5164.64520000,19,9.48800000,2924.31840000,0
1630946520000,308.30000000,309.10000000,308.30000000,308.30000000,4.58300000,1630946579999,1413.01970000,5,0.96600000,297.89860000,0
1630946580000,308.30000000,308.30000000,308.30000000,308.30000000,0.00000000,1630946639999,0.00000000,0,0.00000000,0.00000000,0
1630946640000,308.20000000,308.90000000,308.10000000,308.90000000,9.54700000,1630946699999,2944.29560000,19,4.73700000,1462.18460000,0
1630946700000,308.90000000,308.90000000,308.90000000,308.90000000,0.00000000,1630946759999,0.00000000,0,0.00000000,0.00000000,0
1630946760000,308.90000000,308.90000000,308.90000000,308.90000000,0.00000000,1630946819999,0.00000000,0,0.00000000,0.00000000,0
1630946820000,308.90000000,308.90000000,308.90000000,308.90000000,0.00000000,1630946879999,0.00000000,0,0.00000000,0.00000000,0
1630946880000,308.90000000,308.90000000,308.90000000,308.90000000,0.00000000,1630946939999,0.00000000,0,0.00000000,0.00000000,0
1630946940000,308.90000000,308.90000000,308.90000000,308.90000000,0.08300000,1630946999999,25.63870000,2,0.08300000,25.63870000,0
1630947000000,308.90000000,308.90000000,308.90000000,308.90000000,0.00000000,1630947059999,0.00000000,0,0.00000000,0.00000000,0
1630947060000,308.90000000,308.90000000,308.90000000,308.90000000,0.06900000,1630947119999,21.31410000,1,0.06900000,21.31410000,0
1630947120000,308.70000000,308.70000000,308.70000000,308.70000000,0.04900000,1630947179999,15.12630000,1,0.04900000,15.12630000,0
1630947180000,308.70000000,308.70000000,308.70000000,308.70000000,0.00000000,1630947239999,0.00000000,0,0.00000000,0.00000000,0
1630947240000,308.70000000,308.70000000,308.70000000,308.70000000,0.40600000,1630947299999,125.33220000,1,0.40600000,125.33220000,0
1630947300000,308.70000000,308.70000000,308.70000000,308.70000000,0.00000000,1630947359999,0.00000000,0,0.00000000,0.00000000,0
1630947360000,308.30000000,308.70000000,308.30000000,308.70000000,3.38600000,1630947419999,1045.03730000,12,3.23900000,999.71720000,0
1630947420000,308.70000000,308.70000000,308.70000000,308.70000000,0.00000000,1630947479999,0.00000000,0,0.00000000,0.00000000,0
1630947480000,308.70000000,308.70000000,308.70000000,308.70000000,0.00000000,1630947539999,0.00000000,0,0.00000000,0.00000000,0
1630947540000,308.70000000,308.70000000,308.70000000,308.70000000,0.00000000,1630947599999,0.00000000,0,0.00000000,0.00000000,0
1630947600000,308.70000000,308.70000000,308.70000000,308.70000000,0.00000000,1630947659999,0.00000000,0,0.00000000,0.00000000,0
1630947660000,308.60000000,308.60000000,308.60000000,308.60000000,0.03300000,1630947719999,10.18380000,1,0.03300000,10.18380000,0
1630947720000,308.60000000,308.60000000,308.60000000,308.60000000,0.00000000,1630947779999,0.00000000,0,0.00000000,0.00000000,0
1630947780000,308.60000000,308.60000000,308.60000000,308.60000000,1.00000000,1630947839999,308.60000000,3,1.00000000,308.60000000,0
1630947840000,308.60000000,308.60000000,308.60000000,308.60000000,0.00000000,1630947899999,0.00000000,0,0.00000000,0.00000000,0
1630947900000,308.60000000,308.60000000,308.60000000,308.60000000,0.00000000,1630947959999,0.00000000,0,0.00000000,0.00000000,0
1630947960000,308.50000000,308.50000000,308.50000000,308.50000000,0.12600000,1630948019999,38.87100000,1,0.12600000,38.87100000,0
1630948020000,308.30000000,308.30000000,308.10000000,308.20000000,4.26100000,1630948079999,1313.19780000,9,2.44900000,754.88060000,0
1630948080000,308.10000000,308.10000000,308.10000000,308.10000000,0.03200000,1630948139999,9.85920000,1,0.00000000,0.00000000,0
1630948140000,308.30000000,308.70000000,308.30000000,308.70000000,6.26200000,1630948199999,1930.61130000,11,6.26200000,1930.61130000,0
1630948200000,308.70000000,308.70000000,308.70000000,308.70000000,0.00000000,1630948259999,0.00000000,0,0.00000000,0.00000000,0
1630948260000,308.70000000,308.70000000,308.70000000,308.70000000,0.00000000,1630948319999,0.00000000,0,0.00000000,0.00000000,0
1630948320000,308.30000000,308.30000000,308.30000000,308.30000000,0.03900000,1630948379999,12.02370000,1,0.00000000,0.00000000,0
1630948380000,308.20000000,308.20000000,308.00000000,308.00000000,6.81100000,1630948439999,2098.05700000,15,0.00000000,0.00000000,0
1630948440000,308.00000000,308.00000000,308.00000000,308.00000000,0.00000000,1630948499999,0.00000000,0,0.00000000,0.00000000,0
1630948500000,308.00000000,308.00000000,308.00000000,308.00000000,0.33500000,1630948559999,103.18000000,1,0.33500000,103.18000000,0
1630948560000,307.80000000,308.70000000,307.30000000,308.70000000,17.94400000,1630948619999,5523.72840000,29,9.92900000,3058.52950000,0
1630948620000,308.70000000,308.70000000,308.70000000,308.70000000,0.00000000,1630948679999,0.00000000,0,0.00000000,0.00000000,0
1630948680000,308.70000000,308.70000000,308.70000000,308.70000000,0.00000000,1630948739999,0.00000000,0,0.00000000,0.00000000,0
1630948740000,307.70000000,307.70000000,307.60000000,307.60000000,1.93500000,1630948799999,595.27170000,6,0.00000000,0.00000000,0
1630948800000,307.60000000,307.60000000,307.60000000,307.60000000,0.36600000,1630948859999,112.58160000,1,0.00000000,0.00000000,0
1630948860000,307.60000000,307.60000000,307.60000000,307.60000000,0.00000000,1630948919999,0.00000000,0,0.00000000,0.00000000,0
1630948920000,307.60000000,307.60000000,307.60000000,307.60000000,0.00000000,1630948979999,0.00000000,0,0.00000000,0.00000000,0
1630948980000,308.30000000,308.30000000,307.60000000,307.60000000,2.90600000,1630949039999,894.74150000,7,0.57100000,176.03930000,0
1630949040000,307.60000000,307.60000000,307.60000000,307.60000000,0.00000000,1630949099999,0.00000000,0,0.00000000,0.00000000,0
1630949100000,307.60000000,307.60000000,307.60000000,307.60000000,0.00000000,1630949159999,0.00000000,0,0.00000000,0.00000000,0
1630949160000,307.60000000,307.60000000,307.60000000,307.60000000,0.00000000,1630949219999,0.00000000,0,0.00000000,0.00000000,0
1630949220000,308.40000000,308.60000000,308.40000000,308.60000000,7.91500000,1630949279999,2442.30780000,17,7.91500000,2442.30780000,0
1630949280000,308.60000000,308.60000000,308.60000000,308.60000000,0.00000000,1630949339999,0.00000000,0,0.00000000,0.00000000,0
1630949340000,308.60000000,308.60000000,308.60000000,308.60000000,0.00000000,1630949399999,0.00000000,0,0.00000000,0.00000000,0
1630949400000,308.60000000,308.70000000,308.60000000,308.70000000,3.02800000,1630949459999,934.61130000,13,3.02800000,934.61130000,0
1630949460000,308.70000000,308.70000000,308.70000000,308.70000000,0.00000000,1630949519999,0.00000000,0,0.00000000,0.00000000,0
1630949520000,308.70000000,309.30000000,308.70000000,309.30000000,6.24000000,1630949579999,1927.45470000,8,6.24000000,1927.45470000,0
1630949580000,309.60000000,309.60000000,307.60000000,309.50000000,31.83700000,1630949639999,9797.37260000,55,17.62000000,5421.39790000,0
1630949640000,308.60000000,309.00000000,308.60000000,309.00000000,4.10500000,1630949699999,1267.87800000,16,4.10500000,1267.87800000,0
1630949700000,309.00000000,309.00000000,309.00000000,309.00000000,0.00000000,1630949759999,0.00000000,0,0.00000000,0.00000000,0
1630949760000,308.10000000,308.10000000,308.00000000,308.00000000,0.93100000,1630949819999,286.79990000,6,0.00000000,0.00000000,0
1630949820000,308.00000000,308.00000000,308.00000000,308.00000000,0.00000000,1630949879999,0.00000000,0,0.00000000,0.00000000,0
1630949880000,307.80000000,308.00000000,307.60000000,308.00000000,0.45700000,1630949939999,140.74280000,3,0.39200000,120.73600000,0
1630949940000,308.00000000,308.00000000,308.00000000,308.00000000,0.23700000,1630949999999,72.99600000,2,0.23700000,72.99600000,0
1630950000000,308.00000000,308.00000000,308.00000000,308.00000000,0.00000000,1630950059999,0.00000000,0,0.00000000,0.00000000,0
1630950060000,308.00000000,308.00000000,308.00000000,308.00000000,0.00000000,1630950119999,0.00000000,0,0.00000000,0.00000000,0
1630950120000,307.70000000,307.70000000,307.70000000,307.70000000,0.31200000,1630950179999,96.00240000,1,0.00000000,0.00000000,0
1630950180000,307.70000000,307.70000000,307.70000000,307.70000000,0.00000000,1630950239999,0.00000000,0,0.00000000,0.00000000,0
1630950240000,307.70000000,307.70000000,307.70000000,307.70000000,0.00000000,1630950299999,0.00000000,0,0.00000000,0.00000000,0
1630950300000,307.70000000,307.70000000,307.70000000,307.70000000,0.00000000,1630950359999,0.00000000,0,0.00000000,0.00000000,0
1630950360000,307.70000000,307.70000000,307.70000000,307.70000000,0.00000000,1630950419999,0.00000000,0,0.00000000,0.00000000,0
1630950420000,307.70000000,307.70000000,307.70000000,307.70000000,0.00000000,1630950479999,0.00000000,0,0.00000000,0.00000000,0
1630950480000,307.70000000,307.70000000,307.70000000,307.70000000,0.00000000,1630950539999,0.00000000,0,0.00000000,0.00000000,0
1630950540000,307.70000000,307.70000000,307.70000000,307.70000000,1.70000000,1630950599999,523.09000000,1,1.70000000,523.09000000,0
1630950600000,307.70000000,307.70000000,307.70000000,307.70000000,0.00000000,1630950659999,0.00000000,0,0.00000000,0.00000000,0
1630950660000,307.60000000,307.60000000,307.50000000,307.50000000,0.17600000,1630950719999,54.13600000,2,0.00000000,0.00000000,0
1630950720000,307.60000000,308.10000000,307.50000000,307.50000000,2.03600000,1630950779999,626.30560000,3,1.97600000,607.85560000,0
1630950780000,307.90000000,308.90000000,307.90000000,308.80000000,10.34900000,1630950839999,3191.78030000,33,4.15600000,1282.16160000,0
1630950840000,309.00000000,309.10000000,309.00000000,309.10000000,0.44600000,1630950899999,137.82420000,7,0.24600000,76.02420000,0
1630950900000,309.10000000,309.20000000,309.00000000,309.00000000,2.16500000,1630950959999,669.39480000,3,2.16500000,669.39480000,0
1630950960000,309.00000000,309.00000000,309.00000000,309.00000000,0.00000000,1630951019999,0.00000000,0,0.00000000,0.00000000,0
1630951020000,309.00000000,309.00000000,309.00000000,309.00000000,0.00000000,1630951079999,0.00000000,0,0.00000000,0.00000000,0
1630951080000,308.70000000,308.70000000,308.20000000,308.20000000,0.23400000,1630951139999,72.17630000,2,0.00000000,0.00000000,0
1630951140000,308.20000000,308.20000000,308.20000000,308.20000000,0.00000000,1630951199999,0.00000000,0,0.00000000,0.00000000,0
1630951200000,308.20000000,308.20000000,308.20000000,308.20000000,0.00000000,1630951259999,0.00000000,0,0.00000000,0.00000000,0
1630951260000,308.50000000,308.50000000,308.50000000,308.50000000,1.42000000,1630951319999,438.07000000,3,0.00000000,0.00000000,0
1630951320000,308.80000000,308.80000000,308.80000000,308.80000000,0.03500000,1630951379999,10.80800000,1,0.03500000,10.80800000,0
1630951380000,308.90000000,308.90000000,308.90000000,308.90000000,0.22400000,1630951439999,69.19360000,3,0.11900000,36.75910000,0
1630951440000,308.90000000,308.90000000,308.90000000,308.90000000,0.00000000,1630951499999,0.00000000,0,0.00000000,0.00000000,0
1630951500000,308.90000000,308.90000000,308.90000000,308.90000000,0.00000000,1630951559999,0.00000000,0,0.00000000,0.00000000,0
1630951560000,308.90000000,308.90000000,308.90000000,308.90000000,0.00000000,1630951619999,0.00000000,0,0.00000000,0.00000000,0
1630951620000,308.40000000,308.40000000,308.40000000,308.40000000,1.60100000,1630951679999,493.74840000,10,0.00000000,0.00000000,0
1630951680000,308.10000000,308.30000000,307.80000000,308.30000000,0.26200000,1630951739999,80.70720000,5,0.06500000,20.03950000,0
1630951740000,308.30000000,308.30000000,308.30000000,308.30000000,0.00000000,1630951799999,0.00000000,0,0.00000000,0.00000000,0
1630951800000,308.40000000,308.50000000,308.40000000,308.50000000,0.08900000,1630951859999,27.45110000,2,0.05400000,16.65360000,0
1630951860000,308.50000000,308.50000000,308.50000000,308.50000000,0.00000000,1630951919999,0.00000000,0,0.00000000,0.00000000,0
1630951920000,308.50000000,308.50000000,308.50000000,308.50000000,0.00000000,1630951979999,0.00000000,0,0.00000000,0.00000000,0
1630951980000,308.90000000,308.90000000,308.90000000,308.90000000,0.42000000,1630952039999,129.73800000,1,0.42000000,129.73800000,0
1630952040000,308.50000000,308.50000000,308.50000000,308.50000000,0.18400000,1630952099999,56.76400000,2,0.00000000,0.00000000,0
1630952100000,308.50000000,308.50000000,308.50000000,308.50000000,0.00000000,1630952159999,0.00000000,0,0.00000000,0.00000000,0
1630952160000,308.50000000,308.50000000,308.50000000,308.50000000,0.00000000,1630952219999,0.00000000,0,0.00000000,0.00000000,0
1630952220000,308.90000000,308.90000000,308.90000000,308.90000000,8.74700000,1630952279999,2701.94830000,2,8.74700000,2701.94830000,0
1630952280000,309.00000000,309.40000000,309.00000000,309.10000000,28.36500000,1630952339999,8775.22760000,21,20.97600000,6489.70130000,0
1630952340000,309.10000000,309.10000000,309.10000000,309.10000000,0.26400000,1630952399999,81.60240000,3,0.26400000,81.60240000,0
1630952400000,309.10000000,309.10000000,309.10000000,309.10000000,0.00000000,1630952459999,0.00000000,0,0.00000000,0.00000000,0
1630952460000,309.10000000,309.10000000,309.10000000,309.10000000,0.00000000,1630952519999,0.00000000,0,0.00000000,0.00000000,0
1630952520000,309.10000000,309.10000000,309.10000000,309.10000000,0.00000000,1630952579999,0.00000000,0,0.00000000,0.00000000,0
1630952580000,308.50000000,308.50000000,308.40000000,308.40000000,0.31100000,1630952639999,95.93880000,3,0.00000000,0.00000000,0
1630952640000,308.40000000,308.40000000,308.40000000,308.40000000,0.00000000,1630952699999,0.00000000,0,0.00000000,0.00000000,0
1630952700000,308.40000000,308.40000000,308.40000000,308.40000000,0.00000000,1630952759999,0.00000000,0,0.00000000,0.00000000,0
1630952760000,308.40000000,308.40000000,308.40000000,308.40000000,0.00000000,1630952819999,0.00000000,0,0.00000000,0.00000000,0
1630952820000,308.40000000,308.40000000,307.90000000,307.90000000,0.51400000,1630952879999,158.28190000,3,0.00000000,0.00000000,0
1630952880000,307.90000000,307.90000000,307.90000000,307.90000000,0.70700000,1630952939999,217.68530000,2,0.70700000,217.68530000,0
1630952940000,307.80000000,307.80000000,307.80000000,307.80000000,0.83900000,1630952999999,258.24420000,2,0.78900000,242.85420000,0
1630953000000,307.80000000,307.80000000,307.80000000,307.80000000,0.00000000,1630953059999,0.00000000,0,0.00000000,0.00000000,0
1630953060000,307.80000000,307.80000000,307.80000000,307.80000000,0.22800000,1630953119999,70.17840000,2,0.00000000,0.00000000,0
1630953120000,307.80000000,307.80000000,307.60000000,307.60000000,0.88300000,1630953179999,271.62380000,2,0.88300000,271.62380000,0
1630953180000,307.80000000,307.90000000,307.80000000,307.90000000,5.16800000,1630953239999,1591.03390000,2,1.93300000,594.97740000,0
1630953240000,307.80000000,307.80000000,307.80000000,307.80000000,3.23900000,1630953299999,996.96420000,14,1.61700000,497.71260000,0
1630953300000,307.80000000,307.80000000,307.80000000,307.80000000,0.40400000,1630953359999,124.35120000,1,0.00000000,0.00000000,0
1630953360000,307.80000000,307.80000000,307.80000000,307.80000000,0.00000000,1630953419999,0.00000000,0,0.00000000,0.00000000,0
1630953420000,307.90000000,308.20000000,307.80000000,308.20000000,6.10800000,1630953479999,1880.69920000,7,0.70000000,215.63280000,0
1630953480000,308.20000000,308.20000000,308.20000000,308.20000000,0.00000000,1630953539999,0.00000000,0,0.00000000,0.00000000,0
1630953540000,307.70000000,307.70000000,307.70000000,307.70000000,0.41800000,1630953599999,128.61860000,1,0.00000000,0.00000000,0
1630953600000,307.70000000,307.70000000,307.70000000,307.70000000,4.87500000,1630953659999,1500.03750000,1,0.00000000,0.00000000,0
1630953660000,308.40000000,308.40000000,308.40000000,308.40000000,0.16100000,1630953719999,49.65240000,1,0.16100000,49.65240000,0
1630953720000,308.40000000,308.40000000,308.40000000,308.40000000,0.00000000,1630953779999,0.00000000,0,0.00000000,0.00000000,0
1630953780000,308.40000000,308.40000000,308.40000000,308.40000000,0.06100000,1630953839999,18.81240000,2,0.06100000,18.81240000,0
1630953840000,308.40000000,308.40000000,308.40000000,308.40000000,0.00000000,1630953899999,0.00000000,0,0.00000000,0.00000000,0
1630953900000,308.00000000,308.00000000,308.00000000,308.00000000,0.20200000,1630953959999,62.21600000,2,0.00000000,0.00000000,0
1630953960000,308.10000000,308.10000000,308.10000000,308.10000000,0.03300000,1630954019999,10.16730000,1,0.03300000,10.16730000,0
1630954020000,307.70000000,307.70000000,307.40000000,307.40000000,3.03300000,1630954079999,932.70010000,12,0.00000000,0.00000000,0
1630954080000,307.40000000,307.40000000,307.40000000,307.40000000,0.00000000,1630954139999,0.00000000,0,0.00000000,0.00000000,0
1630954140000,307.40000000,307.40000000,307.40000000,307.40000000,0.00000000,1630954199999,0.00000000,0,0.00000000,0.00000000,0
1630954200000,307.30000000,307.30000000,307.30000000,307.30000000,4.29300000,1630954259999,1319.23890000,14,0.00000000,0.00000000,0
1630954260000,307.30000000,307.30000000,307.30000000,307.30000000,0.00000000,1630954319999,0.00000000,0,0.00000000,0.00000000,0
1630954320000,307.40000000,308.90000000,307.40000000,308.90000000,10.00000000,1630954379999,3082.04590000,9,10.00000000,3082.04590000,0
1630954380000,308.50000000,308.50000000,308.50000000,308.50000000,0.10300000,1630954439999,31.77550000,1,0.10300000,31.77550000,0
1630954440000,308.50000000,308.50000000,308.50000000,308.50000000,0.28000000,1630954499999,86.38000000,2,0.28000000,86.38000000,0
1630954500000,308.60000000,308.60000000,308.60000000,308.60000000,0.03800000,1630954559999,11.72680000,1,0.03800000,11.72680000,0
1630954560000,308.50000000,308.50000000,308.50000000,308.50000000,0.28800000,1630954619999,88.84800000,2,0.00000000,0.00000000,0
1630954620000,308.00000000,308.00000000,307.90000000,307.90000000,6.68500000,1630954679999,2058.35370000,7,0.00000000,0.00000000,0
1630954680000,307.80000000,307.80000000,307.70000000,307.70000000,0.98300000,1630954739999,302.47550000,2,0.00000000,0.00000000,0
1630954740000,307.70000000,307.70000000,307.70000000,307.70000000,0.00000000,1630954799999,0.00000000,0,0.00000000,0.00000000,0
1630954800000,307.70000000,307.90000000,307.60000000,307.60000000,1.84100000,1630954859999,566.66860000,4,0.98200000,302.35780000,0
1630954860000,307.60000000,307.60000000,307.60000000,307.60000000,0.00000000,1630954919999,0.00000000,0,0.00000000,0.00000000,0
1630954920000,307.50000000,307.50000000,307.40000000,307.40000000,0.22900000,1630954979999,70.40100000,2,0.00000000,0.00000000,0
1630954980000,307.90000000,307.90000000,307.90000000,307.90000000,0.03600000,1630955039999,11.08440000,1,0.03600000,11.08440000,0
1630955040000,307.90000000,307.90000000,307.90000000,307.90000000,0.00000000,1630955099999,0.00000000,0,0.00000000,0.00000000,0
1630955100000,307.90000000,307.90000000,307.90000000,307.90000000,0.00000000,1630955159999,0.00000000,0,0.00000000,0.00000000,0
1630955160000,307.40000000,307.40000000,307.40000000,307.40000000,1.00900000,1630955219999,310.16660000,4,0.54800000,168.45520000,0
1630955220000,307.40000000,307.40000000,307.40000000,307.40000000,0.00000000,1630955279999,0.00000000,0,0.00000000,0.00000000,0
1630955280000,307.40000000,307.40000000,307.40000000,307.40000000,0.00000000,1630955339999,0.00000000,0,0.00000000,0.00000000,0
1630955340000,307.80000000,307.80000000,307.80000000,307.80000000,0.10100000,1630955399999,31.08780000,1,0.10100000,31.08780000,0
1630955400000,307.80000000,307.80000000,307.80000000,307.80000000,0.00000000,1630955459999,0.00000000,0,0.00000000,0.00000000,0
1630955460000,307.80000000,307.80000000,307.80000000,307.80000000,0.00000000,1630955519999,0.00000000,0,0.00000000,0.00000000,0
1630955520000,307.80000000,307.80000000,307.80000000,307.80000000,0.00000000,1630955579999,0.00000000,0,0.00000000,0.00000000,0
1630955580000,307.50000000,307.50000000,307.50000000,307.50000000,1.45800000,1630955639999,448.33500000,1,0.00000000,0.00000000,0
1630955640000,307.80000000,307.80000000,307.80000000,307.80000000,0.13000000,1630955699999,40.01400000,2,0.13000000,40.01400000,0
1630955700000,307.80000000,308.50000000,307.80000000,308.40000000,3.34800000,1630955759999,1032.07530000,7,3.34800000,1032.07530000,0
1630955760000,308.30000000,308.30000000,308.30000000,308.30000000,0.03300000,1630955819999,10.17390000,1,0.03300000,10.17390000,0
1630955820000,307.90000000,307.90000000,307.90000000,307.90000000,0.04000000,1630955879999,12.31600000,1,0.00000000,0.00000000,0
1630955880000,307.90000000,307.90000000,307.90000000,307.90000000,0.00000000,1630955939999,0.00000000,0,0.00000000,0.00000000,0
1630955940000,307.90000000,307.90000000,307.90000000,307.90000000,0.03500000,1630955999999,10.77650000,1,0.03500000,10.77650000,0
1630956000000,307.50000000,307.50000000,307.40000000,307.40000000,0.08700000,1630956059999,26.75020000,2,0.00000000,0.00000000,0
1630956060000,307.40000000,307.40000000,307.40000000,307.40000000,0.00000000,1630956119999,0.00000000,0,0.00000000,0.00000000,0
1630956120000,307.80000000,307.80000000,307.80000000,307.80000000,0.03600000,1630956179999,11.08080000,1,0.03600000,11.08080000,0
1630956180000,307.40000000,307.40000000,307.40000000,307.40000000,0.12600000,1630956239999,38.73240000,1,0.00000000,0.00000000,0
1630956240000,307.80000000,307.80000000,307.80000000,307.80000000,0.03500000,1630956299999,10.77300000,1,0.03500000,10.77300000,0
1630956300000,307.80000000,307.80000000,307.80000000,307.80000000,0.00000000,1630956359999,0.00000000,0,0.00000000,0.00000000,0
1630956360000,307.40000000,307.40000000,307.40000000,307.40000000,0.40800000,1630956419999,125.41920000,2,0.00000000,0.00000000,0
1630956420000,307.40000000,307.40000000,307.40000000,307.40000000,0.00000000,1630956479999,0.00000000,0,0.00000000,0.00000000,0
1630956480000,307.40000000,307.40000000,307.40000000,307.40000000,0.00000000,1630956539999,0.00000000,0,0.00000000,0.00000000,0
1630956540000,307.80000000,307.80000000,307.80000000,307.80000000,0.03500000,1630956599999,10.77300000,1,0.03500000,10.77300000,0
1630956600000,307.80000000,307.80000000,307.80000000,307.80000000,0.00000000,1630956659999,0.00000000,0,0.00000000,0.00000000,0
1630956660000,307.80000000,307.80000000,307.80000000,307.80000000,0.00000000,1630956719999,0.00000000,0,0.00000000,0.00000000,0
1630956720000,307.80000000,309.50000000,307.80000000,308.40000000,6.79300000,1630956779999,2093.42750000,21,5.29000000,1630.51470000,0
1630956780000,308.40000000,308.40000000,308.40000000,308.40000000,0.00000000,1630956839999,0.00000000,0,0.00000000,0.00000000,0
1630956840000,308.10000000,308.10000000,308.10000000,308.10000000,0.06300000,1630956899999,19.41030000,1,0.00000000,0.00000000,0
1630956900000,308.30000000,308.30000000,308.30000000,308.30000000,0.08200000,1630956959999,25.28060000,1,0.08200000,25.28060000,0
1630956960000,308.10000000,308.10000000,308.10000000,308.10000000,0.00100000,1630957019999,0.30810000,1,0.00000000,0.00000000,0
1630957020000,307.80000000,307.80000000,307.50000000,307.80000000,0.19200000,1630957079999,59.07840000,4,0.06400000,19.69920000,0
1630957080000,307.80000000,307.80000000,307.80000000,307.80000000,0.00000000,1630957139999,0.00000000,0,0.00000000,0.00000000,0
1630957140000,307.40000000,307.40000000,307.30000000,307.30000000,3.32300000,1630957199999,1021.16640000,13,0.00000000,0.00000000,0
1630957200000,307.30000000,307.30000000,307.30000000,307.30000000,0.00000000,1630957259999,0.00000000,0,0.00000000,0.00000000,0
1630957260000,307.30000000,307.30000000,307.30000000,307.30000000,0.00000000,1630957319999,0.00000000,0,0.00000000,0.00000000,0
1630957320000,307.30000000,307.30000000,307.30000000,307.30000000,0.00000000,1630957379999,0.00000000,0,0.00000000,0.00000000,0
1630957380000,307.30000000,307.30000000,307.30000000,307.30000000,0.00000000,1630957439999,0.00000000,0,0.00000000,0.00000000,0
1630957440000,307.30000000,307.30000000,307.30000000,307.30000000,0.00000000,1630957499999,0.00000000,0,0.00000000,0.00000000,0
1630957500000,307.30000000,307.30000000,307.30000000,307.30000000,0.00000000,1630957559999,0.00000000,0,0.00000000,0.00000000,0
1630957560000,307.30000000,307.30000000,307.30000000,307.30000000,0.00000000,1630957619999,0.00000000,0,0.00000000,0.00000000,0
1630957620000,308.00000000,308.10000000,307.40000000,307.40000000,1.39800000,1630957679999,430.65640000,6,1.36400000,420.20480000,0
1630957680000,307.40000000,307.40000000,307.40000000,307.40000000,0.00000000,1630957739999,0.00000000,0,0.00000000,0.00000000,0
1630957740000,307.40000000,307.40000000,307.40000000,307.40000000,0.17200000,1630957799999,52.87280000,1,0.00000000,0.00000000,0
1630957800000,307.40000000,307.40000000,307.30000000,307.30000000,0.80800000,1630957859999,248.31890000,3,0.00000000,0.00000000,0
1630957860000,307.20000000,307.20000000,307.10000000,307.10000000,6.25100000,1630957919999,1920.20330000,7,0.00000000,0.00000000,0
1630957920000,307.10000000,307.10000000,307.10000000,307.10000000,0.00000000,1630957979999,0.00000000,0,0.00000000,0.00000000,0
1630957980000,307.10000000,307.10000000,307.10000000,307.10000000,0.00000000,1630958039999,0.00000000,0,0.00000000,0.00000000,0
1630958040000,307.10000000,307.10000000,307.10000000,307.10000000,0.00000000,1630958099999,0.00000000,0,0.00000000,0.00000000,0
1630958100000,307.00000000,307.00000000,307.00000000,307.00000000,0.15000000,1630958159999,46.05000000,2,0.00000000,0.00000000,0
1630958160000,307.00000000,307.00000000,307.00000000,307.00000000,0.51500000,1630958219999,158.10500000,3,0.00000000,0.00000000,0
1630958220000,307.00000000,307.30000000,307.00000000,307.00000000,0.37500000,1630958279999,115.18080000,3,0.20800000,63.91180000,0
1630958280000,307.00000000,307.00000000,307.00000000,307.00000000,0.00000000,1630958339999,0.00000000,0,0.00000000,0.00000000,0
1630958340000,307.00000000,307.00000000,307.00000000,307.00000000,0.00000000,1630958399999,0.00000000,0,0.00000000,0.00000000,0
1630958400000,307.00000000,307.00000000,307.00000000,307.00000000,0.98400000,1630958459999,302.08800000,1,0.98400000,302.08800000,0
1630958460000,307.00000000,307.00000000,307.00000000,307.00000000,0.00000000,1630958519999,0.00000000,0,0.00000000,0.00000000,0
1630958520000,306.90000000,307.00000000,306.80000000,307.00000000,1.45900000,1630958579999,447.69520000,6,0.17500000,53.72500000,0
1630958580000,307.00000000,307.40000000,307.00000000,307.00000000,0.44300000,1630958639999,136.01500000,3,0.03500000,10.75900000,0
1630958640000,307.10000000,307.10000000,307.00000000,307.00000000,0.44700000,1630958699999,137.23240000,2,0.00000000,0.00000000,0
1630958700000,307.00000000,307.00000000,307.00000000,307.00000000,0.00000000,1630958759999,0.00000000,0,0.00000000,0.00000000,0
1630958760000,307.00000000,307.00000000,307.00000000,307.00000000,0.00000000,1630958819999,0.00000000,0,0.00000000,0.00000000,0
1630958820000,307.00000000,307.00000000,307.00000000,307.00000000,0.00000000,1630958879999,0.00000000,0,0.00000000,0.00000000,0
1630958880000,307.00000000,307.00000000,307.00000000,307.00000000,3.72400000,1630958939999,1143.26800000,3,0.00000000,0.00000000,0
1630958940000,307.00000000,307.00000000,307.00000000,307.00000000,1.33800000,1630958999999,410.76600000,4,0.00000000,0.00000000,0
1630959000000,307.00000000,307.00000000,306.80000000,306.80000000,0.65000000,1630959059999,199.44040000,2,0.00000000,0.00000000,0
1630959060000,306.80000000,306.80000000,306.80000000,306.80000000,0.00000000,1630959119999,0.00000000,0,0.00000000,0.00000000,0
1630959120000,307.40000000,307.40000000,307.40000000,307.40000000,0.06600000,1630959179999,20.28840000,1,0.06600000,20.28840000,0
1630959180000,307.40000000,307.40000000,307.40000000,307.40000000,0.00000000,1630959239999,0.00000000,0,0.00000000,0.00000000,0
1630959240000,307.00000000,307.00000000,307.00000000,307.00000000,0.12600000,1630959299999,38.68200000,1,0.00000000,0.00000000,0
1630959300000,307.00000000,307.00000000,307.00000000,307.00000000,0.00000000,1630959359999,0.00000000,0,0.00000000,0.00000000,0
1630959360000,307.40000000,307.40000000,307.00000000,307.00000000,0.24700000,1630959419999,75.84820000,2,0.04800000,14.75520000,0
1630959420000,306.70000000,307.00000000,306.70000000,307.00000000,1.44900000,1630959479999,444.73740000,3,1.09700000,336.77900000,0
1630959480000,307.00000000,307.00000000,307.00000000,307.00000000,0.00000000,1630959539999,0.00000000,0,0.00000000,0.00000000,0
1630959540000,307.00000000,307.00000000,307.00000000,307.00000000,0.00000000,1630959599999,0.00000000,0,0.00000000,0.00000000,0
1630959600000,307.00000000,307.00000000,307.00000000,307.00000000,0.00000000,1630959659999,0.00000000,0,0.00000000,0.00000000,0
1630959660000,306.60000000,306.60000000,306.60000000,306.60000000,0.74900000,1630959719999,229.64340000,3,0.00000000,0.00000000,0
1630959720000,306.60000000,306.60000000,306.60000000,306.60000000,0.00000000,1630959779999,0.00000000,0,0.00000000,0.00000000,0
1630959780000,306.60000000,306.60000000,306.60000000,306.60000000,1.08900000,1630959839999,333.88740000,1,0.00000000,0.00000000,0
1630959840000,307.00000000,307.00000000,306.60000000,306.60000000,0.36200000,1630959899999,111.04480000,4,0.12200000,37.45400000,0
1630959900000,306.60000000,306.60000000,306.60000000,306.60000000,0.00000000,1630959959999,0.00000000,0,0.00000000,0.00000000,0
1630959960000,306.60000000,306.60000000,306.60000000,306.60000000,0.62700000,1630960019999,192.23820000,1,0.00000000,0.00000000,0
1630960020000,306.60000000,306.60000000,306.60000000,306.60000000,0.00000000,1630960079999,0.00000000,0,0.00000000,0.00000000,0
1630960080000,307.30000000,307.40000000,307.30000000,307.40000000,0.65000000,1630960139999,199.76530000,4,0.65000000,199.76530000,0
1630960140000,306.70000000,306.70000000,306.70000000,306.70000000,0.14700000,1630960199999,45.08490000,1,0.00000000,0.00000000,0
1630960200000,306.70000000,306.70000000,306.70000000,306.70000000,0.00000000,1630960259999,0.00000000,0,0.00000000,0.00000000,0
1630960260000,307.30000000,307.40000000,307.30000000,307.40000000,0.32600000,1630960319999,100.19770000,2,0.32600000,100.19770000,0
1630960320000,307.40000000,307.40000000,307.40000000,307.40000000,0.14200000,1630960379999,43.65080000,1,0.14200000,43.65080000,0
1630960380000,307.40000000,307.40000000,307.40000000,307.40000000,0.00000000,1630960439999,0.00000000,0,0.00000000,0.00000000,0
1630960440000,307.40000000,307.40000000,307.40000000,307.40000000,0.00000000,1630960499999,0.00000000,0,0.00000000,0.00000000,0
1630960500000,307.40000000,307.40000000,307.40000000,307.40000000,0.03300000,1630960559999,10.14420000,1,0.03300000,10.14420000,0
1630960560000,307.40000000,307.40000000,307.40000000,307.40000000,0.00000000,1630960619999,0.00000000,0,0.00000000,0.00000000,0
1630960620000,307.40000000,307.40000000,307.40000000,307.40000000,0.32500000,1630960679999,99.90500000,1,0.32500000,99.90500000,0
1630960680000,306.80000000,306.80000000,306.80000000,306.80000000,0.07500000,1630960739999,23.01000000,1,0.00000000,0.00000000,0
1630960740000,306.80000000,306.80000000,306.80000000,306.80000000,0.00000000,1630960799999,0.00000000,0,0.00000000,0.00000000,0
1630960800000,306.80000000,306.80000000,306.80000000,306.80000000,0.00000000,1630960859999,0.00000000,0,0.00000000,0.00000000,0
1630960860000,306.80000000,306.80000000,306.70000000,306.70000000,0.64200000,1630960919999,196.93980000,3,0.00000000,0.00000000,0
1630960920000,306.70000000,306.70000000,306.70000000,306.70000000,0.00000000,1630960979999,0.00000000,0,0.00000000,0.00000000,0
1630960980000,306.80000000,306.80000000,306.80000000,306.80000000,0.04000000,1630961039999,12.27200000,1,0.04000000,12.27200000,0
1630961040000,306.80000000,306.80000000,306.80000000,306.80000000,0.00000000,1630961099999,0.00000000,0,0.00000000,0.00000000,0
1630961100000,306.80000000,306.80000000,306.80000000,306.80000000,0.00000000,1630961159999,0.00000000,0,0.00000000,0.00000000,0
1630961160000,306.80000000,306.80000000,306.80000000,306.80000000,0.03300000,1630961219999,10.12440000,1,0.03300000,10.12440000,0
1630961220000,306.80000000,306.80000000,306.80000000,306.80000000,0.00000000,1630961279999,0.00000000,0,0.00000000,0.00000000,0
1630961280000,306.80000000,306.80000000,306.80000000,306.80000000,0.00000000,1630961339999,0.00000000,0,0.00000000,0.00000000,0
1630961340000,307.30000000,307.30000000,307.30000000,307.30000000,0.03300000,1630961399999,10.14090000,1,0.03300000,10.14090000,0
1630961400000,307.30000000,307.30000000,307.30000000,307.30000000,0.04400000,1630961459999,13.52120000,1,0.04400000,13.52120000,0
1630961460000,307.30000000,307.30000000,307.30000000,307.30000000,0.00000000,1630961519999,0.00000000,0,0.00000000,0.00000000,0
1630961520000,307.30000000,307.30000000,307.30000000,307.30000000,0.03300000,1630961579999,10.14090000,1,0.03300000,10.14090000,0
1630961580000,307.30000000,307.30000000,307.30000000,307.30000000,0.00000000,1630961639999,0.00000000,0,0.00000000,0.00000000,0
1630961640000,307.30000000,307.30000000,307.30000000,307.30000000,0.00000000,1630961699999,0.00000000,0,0.00000000,0.00000000,0
1630961700000,307.30000000,307.30000000,307.30000000,307.30000000,0.00000000,1630961759999,0.00000000,0,0.00000000,0.00000000,0
1630961760000,307.30000000,307.30000000,307.30000000,307.30000000,0.00000000,1630961819999,0.00000000,0,0.00000000,0.00000000,0
1630961820000,307.30000000,307.30000000,307.30000000,307.30000000,0.00000000,1630961879999,0.00000000,0,0.00000000,0.00000000,0
1630961880000,307.30000000,307.30000000,307.30000000,307.30000000,0.00000000,1630961939999,0.00000000,0,0.00000000,0.00000000,0
1630961940000,307.30000000,307.30000000,307.30000000,307.30000000,0.00000000,1630961999999,0.00000000,0,0.00000000,0.00000000,0
1630962000000,306.80000000,307.10000000,306.70000000,307.00000000,3.43600000,1630962059999,1054.45110000,7,1.67300000,513.62600000,0
1630962060000,306.60000000,306.60000000,306.60000000,306.60000000,0.54200000,1630962119999,166.17720000,1,0.00000000,0.00000000,0
1630962120000,306.60000000,306.60000000,306.60000000,306.60000000,0.00000000,1630962179999,0.00000000,0,0.00000000,0.00000000,0
1630962180000,306.60000000,306.60000000,306.60000000,306.60000000,0.00000000,1630962239999,0.00000000,0,0.00000000,0.00000000,0
1630962240000,306.80000000,306.80000000,306.50000000,306.50000000,1.51900000,1630962299999,465.60700000,3,0.00000000,0.00000000,0
1630962300000,306.60000000,306.60000000,306.60000000,306.60000000,0.89500000,1630962359999,274.40700000,4,0.89500000,274.40700000,0
1630962360000,306.60000000,306.60000000,306.60000000,306.60000000,0.00000000,1630962419999,0.00000000,0,0.00000000,0.00000000,0
1630962420000,306.50000000,306.50000000,306.40000000,306.40000000,0.96500000,1630962479999,295.76610000,3,0.00000000,0.00000000,0
1630962480000,306.40000000,306.40000000,306.40000000,306.40000000,0.00000000,1630962539999,0.00000000,0,0.00000000,0.00000000,0
1630962540000,307.00000000,307.00000000,307.00000000,307.00000000,0.16700000,1630962599999,51.26900000,1,0.16700000,51.26900000,0
1630962600000,307.00000000,307.00000000,307.00000000,307.00000000,0.00000000,1630962659999,0.00000000,0,0.00000000,0.00000000,0
1630962660000,307.00000000,307.00000000,307.00000000,307.00000000,0.00000000,1630962719999,0.00000000,0,0.00000000,0.00000000,0
1630962720000,307.00000000,307.00000000,307.00000000,307.00000000,0.00000000,1630962779999,0.00000000,0,0.00000000,0.00000000,0
1630962780000,307.00000000,307.00000000,307.00000000,307.00000000,0.00000000,1630962839999,0.00000000,0,0.00000000,0.00000000,0
1630962840000,307.00000000,307.00000000,307.00000000,307.00000000,0.00000000,1630962899999,0.00000000,0,0.00000000,0.00000000,0
1630962900000,307.00000000,307.00000000,307.00000000,307.00000000,0.00000000,1630962959999,0.00000000,0,0.00000000,0.00000000,0
1630962960000,306.50000000,306.50000000,306.50000000,306.50000000,0.05700000,1630963019999,17.47050000,1,0.00000000,0.00000000,0
1630963020000,306.50000000,306.50000000,306.50000000,306.50000000,2.36100000,1630963079999,723.64650000,4,2.23400000,684.72100000,0
1630963080000,306.40000000,306.40000000,306.40000000,306.40000000,1.15100000,1630963139999,352.66640000,2,0.00000000,0.00000000,0
1630963140000,306.40000000,306.40000000,306.40000000,306.40000000,0.00000000,1630963199999,0.00000000,0,0.00000000,0.00000000,0
1630963200000,307.30000000,307.40000000,306.80000000,307.40000000,1.34000000,1630963259999,411.80430000,6,1.24700000,383.27190000,0
1630963260000,307.40000000,307.40000000,307.40000000,307.40000000,0.00000000,1630963319999,0.00000000,0,0.00000000,0.00000000,0
1630963320000,307.40000000,307.40000000,307.40000000,307.40000000,0.00000000,1630963379999,0.00000000,0,0.00000000,0.00000000,0
1630963380000,307.40000000,307.40000000,307.40000000,307.40000000,0.00000000,1630963439999,0.00000000,0,0.00000000,0.00000000,0
1630963440000,307.40000000,307.40000000,307.40000000,307.40000000,0.00000000,1630963499999,0.00000000,0,0.00000000,0.00000000,0
1630963500000,306.90000000,307.40000000,306.90000000,307.40000000,7.18800000,1630963559999,2209.42370000,7,6.85300000,2106.61220000,0
1630963560000,307.00000000,307.40000000,307.00000000,307.40000000,6.84800000,1630963619999,2104.94320000,3,6.51800000,2003.63320000,0
1630963620000,307.50000000,307.50000000,307.50000000,307.50000000,0.03300000,1630963679999,10.14750000,1,0.03300000,10.14750000,0
1630963680000,307.50000000,307.50000000,307.50000000,307.50000000,0.00000000,1630963739999,0.00000000,0,0.00000000,0.00000000,0
1630963740000,307.50000000,307.50000000,307.50000000,307.50000000,0.03600000,1630963799999,11.07000000,2,0.03600000,11.07000000,0
1630963800000,307.50000000,307.50000000,307.50000000,307.50000000,0.00000000,1630963859999,0.00000000,0,0.00000000,0.00000000,0
1630963860000,307.30000000,309.20000000,307.30000000,309.20000000,14.90300000,1630963919999,4598.71190000,16,14.90300000,4598.71190000,0
1630963920000,309.20000000,309.20000000,309.20000000,309.20000000,0.00000000,1630963979999,0.00000000,0,0.00000000,0.00000000,0
1630963980000,308.30000000,308.30000000,308.30000000,308.30000000,0.03300000,1630964039999,10.17390000,1,0.00000000,0.00000000,0
1630964040000,308.30000000,308.30000000,308.30000000,308.30000000,0.03300000,1630964099999,10.17390000,1,0.03300000,10.17390000,0
1630964100000,308.60000000,308.70000000,308.40000000,308.40000000,0.37100000,1630964159999,114.49380000,4,0.26900000,83.03700000,0
1630964160000,308.70000000,308.80000000,308.70000000,308.80000000,1.29800000,1630964219999,400.81220000,9,1.29800000,400.81220000,0
1630964220000,308.80000000,308.80000000,308.80000000,308.80000000,0.00000000,1630964279999,0.00000000,0,0.00000000,0.00000000,0
1630964280000,308.80000000,308.80000000,308.80000000,308.80000000,1.18000000,1630964339999,364.38400000,8,1.18000000,364.38400000,0
1630964340000,308.80000000,308.80000000,308.80000000,308.80000000,1.26100000,1630964399999,389.39680000,1,0.00000000,0.00000000,0
1630964400000,308.80000000,308.80000000,308.80000000,308.80000000,0.00000000,1630964459999,0.00000000,0,0.00000000,0.00000000,0
1630964460000,308.80000000,308.80000000,308.80000000,308.80000000,0.00000000,1630964519999,0.00000000,0,0.00000000,0.00000000,0
1630964520000,308.80000000,308.80000000,308.80000000,308.80000000,0.00000000,1630964579999,0.00000000,0,0.00000000,0.00000000,0
1630964580000,308.80000000,308.80000000,308.80000000,308.80000000,0.08100000,1630964639999,25.01280000,1,0.08100000,25.01280000,0
1630964640000,309.00000000,310.00000000,309.00000000,310.00000000,29.51900000,1630964699999,9143.31460000,28,29.51900000,9143.31460000,0
1630964700000,309.80000000,309.80000000,309.80000000,309.80000000,0.08100000,1630964759999,25.09380000,1,0.08100000,25.09380000,0
1630964760000,309.80000000,309.80000000,309.80000000,309.80000000,0.00000000,1630964819999,0.00000000,0,0.00000000,0.00000000,0
1630964820000,309.80000000,309.80000000,309.80000000,309.80000000,0.00000000,1630964879999,0.00000000,0,0.00000000,0.00000000,0
1630964880000,309.10000000,309.10000000,309.10000000,309.10000000,0.03300000,1630964939999,10.20030000,1,0.00000000,0.00000000,0
1630964940000,309.10000000,309.10000000,309.10000000,309.10000000,0.00000000,1630964999999,0.00000000,0,0.00000000,0.00000000,0
1630965000000,309.10000000,309.10000000,309.10000000,309.10000000,0.00000000,1630965059999,0.00000000,0,0.00000000,0.00000000,0
1630965060000,309.10000000,309.10000000,309.00000000,309.00000000,0.37300000,1630965119999,115.28790000,5,0.00000000,0.00000000,0
1630965120000,308.70000000,308.70000000,308.40000000,308.40000000,1.62100000,1630965179999,500.07170000,4,0.00000000,0.00000000,0
1630965180000,308.30000000,308.30000000,308.30000000,308.30000000,1.17800000,1630965239999,363.17740000,3,1.01000000,311.38300000,0
1630965240000,308.40000000,308.40000000,308.40000000,308.40000000,0.03300000,1630965299999,10.17720000,1,0.03300000,10.17720000,0
1630965300000,308.40000000,308.40000000,308.40000000,308.40000000,0.10400000,1630965359999,32.07360000,1,0.10400000,32.07360000,0
1630965360000,308.40000000,308.40000000,308.40000000,308.40000000,0.00000000,1630965419999,0.00000000,0,0.00000000,0.00000000,0
1630965420000,308.60000000,308.60000000,308.60000000,308.60000000,1.06200000,1630965479999,327.73320000,5,0.00000000,0.00000000,0
1630965480000,308.60000000,308.60000000,308.60000000,308.60000000,0.00000000,1630965539999,0.00000000,0,0.00000000,0.00000000,0
1630965540000,308.40000000,308.40000000,308.40000000,308.40000000,0.27500000,1630965599999,84.81000000,1,0.00000000,0.00000000,0
1630965600000,308.90000000,309.00000000,308.90000000,309.00000000,0.62000000,1630965659999,191.52900000,3,0.62000000,191.52900000,0
1630965660000,309.00000000,309.00000000,309.00000000,309.00000000,0.00000000,1630965719999,0.00000000,0,0.00000000,0.00000000,0
1630965720000,309.00000000,309.00000000,309.00000000,309.00000000,0.00000000,1630965779999,0.00000000,0,0.00000000,0.00000000,0
1630965780000,309.30000000,309.30000000,309.30000000,309.30000000,0.06400000,1630965839999,19.79520000,1,0.06400000,19.79520000,0
1630965840000,309.30000000,309.40000000,309.30000000,309.40000000,0.32500000,1630965899999,100.54520000,3,0.22700000,70.23380000,0
1630965900000,309.50000000,309.50000000,309.50000000,309.50000000,0.32300000,1630965959999,99.96850000,1,0.32300000,99.96850000,0
1630965960000,309.50000000,309.50000000,309.50000000,309.50000000,0.00000000,1630966019999,0.00000000,0,0.00000000,0.00000000,0
1630966020000,309.50000000,309.50000000,309.50000000,309.50000000,0.00000000,1630966079999,0.00000000,0,0.00000000,0.00000000,0
1630966080000,309.50000000,309.50000000,309.50000000,309.50000000,0.00000000,1630966139999,0.00000000,0,0.00000000,0.00000000,0
1630966140000,309.60000000,309.80000000,309.60000000,309.80000000,1.07000000,1630966199999,331.47320000,2,1.07000000,331.47320000,0
1630966200000,309.50000000,309.70000000,309.50000000,309.70000000,0.42500000,1630966259999,131.55370000,2,0.08100000,25.08570000,0
1630966260000,309.10000000,309.10000000,309.10000000,309.10000000,0.50400000,1630966319999,155.78640000,2,0.00000000,0.00000000,0
1630966320000,309.30000000,309.30000000,307.90000000,307.90000000,9.51800000,1630966379999,2932.25250000,16,0.94600000,291.73900000,0
1630966380000,307.90000000,307.90000000,307.90000000,307.90000000,0.00000000,1630966439999,0.00000000,0,0.00000000,0.00000000,0
1630966440000,307.90000000,307.90000000,307.90000000,307.90000000,0.00000000,1630966499999,0.00000000,0,0.00000000,0.00000000,0
1630966500000,307.90000000,307.90000000,307.90000000,307.90000000,0.00000000,1630966559999,0.00000000,0,0.00000000,0.00000000,0
1630966560000,308.20000000,308.20000000,308.20000000,308.20000000,0.09700000,1630966619999,29.89540000,1,0.09700000,29.89540000,0
1630966620000,308.00000000,308.00000000,308.00000000,308.00000000,0.16200000,1630966679999,49.89600000,1,0.16200000,49.89600000,0
1630966680000,308.00000000,308.00000000,308.00000000,308.00000000,0.00000000,1630966739999,0.00000000,0,0.00000000,0.00000000,0
1630966740000,308.00000000,308.00000000,307.40000000,307.40000000,1.93400000,1630966799999,594.95970000,7,0.13200000,40.65600000,0
1630966800000,307.40000000,307.40000000,307.40000000,307.40000000,0.00000000,1630966859999,0.00000000,0,0.00000000,0.00000000,0
1630966860000,307.50000000,309.00000000,307.50000000,309.00000000,1.98800000,1630966919999,612.67860000,10,1.73800000,535.80360000,0
1630966920000,309.00000000,309.00000000,309.00000000,309.00000000,0.00000000,1630966979999,0.00000000,0,0.00000000,0.00000000,0
1630966980000,309.00000000,309.00000000,309.00000000,309.00000000,0.00000000,1630967039999,0.00000000,0,0.00000000,0.00000000,0
1630967040000,309.00000000,309.00000000,309.00000000,309.00000000,0.00000000,1630967099999,0.00000000,0,0.00000000,0.00000000,0
1630967100000,309.00000000,309.00000000,309.00000000,309.00000000,0.00000000,1630967159999,0.00000000,0,0.00000000,0.00000000,0
1630967160000,309.00000000,309.00000000,309.00000000,309.00000000,0.00000000,1630967219999,0.00000000,0,0.00000000,0.00000000,0
1630967220000,308.90000000,309.80000000,308.90000000,309.80000000,7.61600000,1630967279999,2353.81820000,22,7.61600000,2353.81820000,0
1630967280000,309.80000000,309.80000000,309.80000000,309.80000000,0.00000000,1630967339999,0.00000000,0,0.00000000,0.00000000,0
1630967340000,309.80000000,309.80000000,309.80000000,309.80000000,0.00000000,1630967399999,0.00000000,0,0.00000000,0.00000000,0
1630967400000,309.80000000,309.80000000,309.80000000,309.80000000,0.64500000,1630967459999,199.82100000,1,0.00000000,0.00000000,0
1630967460000,309.80000000,309.80000000,309.80000000,309.80000000,0.00000000,1630967519999,0.00000000,0,0.00000000,0.00000000,0
1630967520000,309.80000000,309.80000000,309.80000000,309.80000000,0.00000000,1630967579999,0.00000000,0,0.00000000,0.00000000,0
1630967580000,309.80000000,309.80000000,309.80000000,309.80000000,0.03700000,1630967639999,11.46260000,1,0.03700000,11.46260000,0
1630967640000,309.80000000,309.80000000,309.80000000,309.80000000,0.00000000,1630967699999,0.00000000,0,0.00000000,0.00000000,0
1630967700000,309.00000000,309.00000000,309.00000000,309.00000000,0.50700000,1630967759999,156.66300000,2,0.00000000,0.00000000,0
1630967760000,309.00000000,309.00000000,309.00000000,309.00000000,0.00000000,1630967819999,0.00000000,0,0.00000000,0.00000000,0
1630967820000,308.80000000,308.80000000,308.80000000,308.80000000,0.18700000,1630967879999,57.74560000,1,0.00000000,0.00000000,0
1630967880000,308.80000000,308.80000000,308.80000000,308.80000000,1.04700000,1630967939999,323.31360000,2,0.05700000,17.60160000,0
1630967940000,309.60000000,309.60000000,309.60000000,309.60000000,0.14900000,1630967999999,46.13040000,1,0.14900000,46.13040000,0
1630968000000,309.80000000,309.90000000,309.80000000,309.90000000,0.73100000,1630968059999,226.50110000,6,0.73100000,226.50110000,0
1630968060000,309.90000000,309.90000000,309.90000000,309.90000000,0.00000000,1630968119999,0.00000000,0,0.00000000,0.00000000,0
1630968120000,309.90000000,309.90000000,309.90000000,309.90000000,0.00000000,1630968179999,0.00000000,0,0.00000000,0.00000000,0
1630968180000,310.00000000,310.00000000,310.00000000,310.00000000,0.46900000,1630968239999,145.39000000,1,0.46900000,145.39000000,0
1630968240000,310.00000000,310.00000000,310.00000000,310.00000000,0.00000000,1630968299999,0.00000000,0,0.00000000,0.00000000,0
1630968300000,310.00000000,310.00000000,310.00000000,310.00000000,0.00000000,1630968359999,0.00000000,0,0.00000000,0.00000000,0
1630968360000,310.00000000,310.00000000,310.00000000,310.00000000,0.48000000,1630968419999,148.80000000,1,0.48000000,148.80000000,0
1630968420000,310.00000000,310.00000000,310.00000000,310.00000000,0.00000000,1630968479999,0.00000000,0,0.00000000,0.00000000,0
1630968480000,310.00000000,310.00000000,310.00000000,310.00000000,0.00000000,1630968539999,0.00000000,0,0.00000000,0.00000000,0
1630968540000,309.80000000,310.00000000,309.80000000,310.00000000,13.05600000,1630968599999,4046.35360000,5,13.05600000,4046.35360000,0
1630968600000,309.40000000,309.40000000,308.60000000,308.60000000,3.10800000,1630968659999,960.26100000,13,0.00000000,0.00000000,0
1630968660000,308.60000000,308.60000000,308.60000000,308.60000000,0.00000000,1630968719999,0.00000000,0,0.00000000,0.00000000,0
1630968720000,308.60000000,308.60000000,308.60000000,308.60000000,0.00000000,1630968779999,0.00000000,0,0.00000000,0.00000000,0
1630968780000,308.60000000,308.60000000,308.60000000,308.60000000,0.00000000,1630968839999,0.00000000,0,0.00000000,0.00000000,0
1630968840000,308.60000000,308.60000000,308.60000000,308.60000000,0.00000000,1630968899999,0.00000000,0,0.00000000,0.00000000,0
1630968900000,309.00000000,309.00000000,309.00000000,309.00000000,0.53600000,1630968959999,165.62400000,2,0.00000000,0.00000000,0
1630968960000,309.50000000,309.70000000,309.50000000,309.70000000,4.81600000,1630969019999,1491.30880000,4,4.81600000,1491.30880000,0
1630969020000,309.70000000,309.70000000,309.70000000,309.70000000,0.00000000,1630969079999,0.00000000,0,0.00000000,0.00000000,0
1630969080000,309.70000000,311.50000000,309.70000000,311.40000000,73.65400000,1630969139999,22898.78130000,55,70.93900000,22055.21240000,0
1630969140000,311.40000000,311.40000000,311.00000000,311.00000000,25.70300000,1630969199999,8001.91180000,12,20.69700000,6444.99520000,0
1630969200000,311.40000000,311.50000000,310.60000000,311.40000000,2.81800000,1630969259999,877.38280000,8,2.20900000,688.01620000,0
1630969260000,311.00000000,311.40000000,310.80000000,310.80000000,6.68800000,1630969319999,2079.53540000,15,1.27600000,397.34640000,0
1630969320000,311.40000000,311.40000000,311.40000000,311.40000000,1.64600000,1630969379999,512.56440000,1,1.64600000,512.56440000,0
1630969380000,310.70000000,311.40000000,310.70000000,311.40000000,0.77600000,1630969439999,241.37480000,4,0.38800000,120.82320000,0
1630969440000,311.50000000,311.60000000,311.50000000,311.60000000,1.84600000,1630969499999,575.03900000,5,1.84600000,575.03900000,0
1630969500000,311.70000000,312.00000000,311.70000000,312.00000000,24.16500000,1630969559999,7538.04940000,13,24.16500000,7538.04940000,0
1630969560000,312.00000000,312.00000000,312.00000000,312.00000000,0.31200000,1630969619999,97.34400000,1,0.31200000,97.34400000,0
1630969620000,312.00000000,312.00000000,311.00000000,311.00000000,2.57500000,1630969679999,802.96920000,10,0.56200000,175.34400000,0
1630969680000,310.70000000,310.70000000,310.70000000,310.70000000,0.06300000,1630969739999,19.57410000,1,0.00000000,0.00000000,0
1630969740000,310.70000000,310.70000000,310.70000000,310.70000000,0.00000000,1630969799999,0.00000000,0,0.00000000,0.00000000,0
1630969800000,310.70000000,310.70000000,310.70000000,310.70000000,0.32100000,1630969859999,99.73470000,3,0.12700000,39.45890000,0
1630969860000,310.70000000,310.70000000,310.70000000,310.70000000,0.00000000,1630969919999,0.00000000,0,0.00000000,0.00000000,0
1630969920000,310.40000000,310.40000000,309.70000000,309.70000000,1.29600000,1630969979999,402.15030000,6,0.00000000,0.00000000,0
1630969980000,310.70000000,310.70000000,310.70000000,310.70000000,0.06300000,1630970039999,19.57410000,1,0.06300000,19.57410000,0
1630970040000,310.70000000,310.70000000,310.70000000,310.70000000,0.30900000,1630970099999,96.00630000,2,0.30900000,96.00630000,0
1630970100000,310.70000000,310.70000000,310.70000000,310.70000000,0.00000000,1630970159999,0.00000000,0,0.00000000,0.00000000,0
1630970160000,310.70000000,312.00000000,310.70000000,312.00000000,2.56400000,1630970219999,799.55920000,8,2.56400000,799.55920000,0
1630970220000,311.30000000,311.30000000,311.20000000,311.20000000,0.67400000,1630970279999,209.80380000,3,0.00000000,0.00000000,0
1630970280000,311.20000000,311.20000000,311.20000000,311.20000000,0.00000000,1630970339999,0.00000000,0,0.00000000,0.00000000,0
1630970340000,311.20000000,311.20000000,311.20000000,311.20000000,0.00000000,1630970399999,0.00000000,0,0.00000000,0.00000000,0
1630970400000,311.20000000,311.20000000,311.20000000,311.20000000,0.40900000,1630970459999,127.28080000,1,0.40900000,127.28080000,0
1630970460000,311.20000000,311.20000000,311.20000000,311.20000000,0.00000000,1630970519999,0.00000000,0,0.00000000,0.00000000,0
1630970520000,311.20000000,311.20000000,311.20000000,311.20000000,0.00000000,1630970579999,0.00000000,0,0.00000000,0.00000000,0
1630970580000,311.80000000,311.90000000,310.00000000,310.00000000,1.93000000,1630970639999,601.19160000,12,1.09700000,342.09580000,0
1630970640000,311.10000000,311.20000000,311.10000000,311.20000000,0.14400000,1630970699999,44.80640000,2,0.14400000,44.80640000,0
1630970700000,311.20000000,311.20000000,310.50000000,310.50000000,0.14100000,1630970759999,43.83090000,3,0.07200000,22.40640000,0
1630970760000,311.10000000,311.10000000,311.10000000,311.10000000,0.33600000,1630970819999,104.52960000,2,0.33600000,104.52960000,0
1630970820000,311.10000000,311.10000000,310.50000000,310.50000000,0.10400000,1630970879999,32.31300000,4,0.03500000,10.88850000,0
1630970880000,310.50000000,311.30000000,310.50000000,311.30000000,1.02500000,1630970939999,318.73700000,9,0.72700000,226.20800000,0
1630970940000,311.60000000,311.60000000,311.20000000,311.20000000,0.10400000,1630970999999,32.37880000,2,0.03500000,10.90600000,0
1630971000000,311.20000000,311.20000000,311.20000000,311.20000000,0.95200000,1630971059999,296.26240000,3,0.95200000,296.26240000,0
1630971060000,311.60000000,311.80000000,311.60000000,311.80000000,0.09800000,1630971119999,30.55060000,2,0.09800000,30.55060000,0
1630971120000,311.90000000,312.00000000,311.50000000,312.00000000,0.33200000,1630971179999,103.54310000,4,0.26300000,82.04960000,0
1630971180000,312.00000000,312.00000000,312.00000000,312.00000000,0.00000000,1630971239999,0.00000000,0,0.00000000,0.00000000,0
1630971240000,312.00000000,312.00000000,312.00000000,312.00000000,0.00000000,1630971299999,0.00000000,0,0.00000000,0.00000000,0
1630971300000,312.00000000,312.00000000,312.00000000,312.00000000,0.00000000,1630971359999,0.00000000,0,0.00000000,0.00000000,0
1630971360000,312.00000000,312.30000000,312.00000000,312.30000000,0.59200000,1630971419999,184.76690000,5,0.59200000,184.76690000,0
1630971420000,311.10000000,311.40000000,311.10000000,311.40000000,0.30600000,1630971479999,95.22060000,2,0.00000000,0.00000000,0
1630971480000,311.40000000,311.40000000,311.40000000,311.40000000,0.23900000,1630971539999,74.42460000,2,0.00000000,0.00000000,0
1630971540000,311.40000000,311.40000000,311.40000000,311.40000000,0.00000000,1630971599999,0.00000000,0,0.00000000,0.00000000,0
1630971600000,311.40000000,311.40000000,311.40000000,311.40000000,0.00000000,1630971659999,0.00000000,0,0.00000000,0.00000000,0
1630971660000,311.30000000,311.40000000,311.00000000,311.40000000,1.38400000,1630971719999,430.97000000,3,1.31700000,410.11380000,0
1630971720000,311.40000000,311.40000000,311.40000000,311.40000000,0.00000000,1630971779999,0.00000000,0,0.00000000,0.00000000,0
1630971780000,311.40000000,311.40000000,311.40000000,311.40000000,0.21100000,1630971839999,65.70540000,2,0.21100000,65.70540000,0
1630971840000,311.10000000,311.10000000,309.90000000,310.00000000,15.35200000,1630971899999,4762.03570000,23,0.54800000,169.88000000,0
1630971900000,310.70000000,312.60000000,310.70000000,312.60000000,39.81900000,1630971959999,12427.55650000,41,26.62400000,8303.68200000,0
1630971960000,312.70000000,314.40000000,312.70000000,314.40000000,40.45600000,1630972019999,12684.81450000,55,35.54900000,11147.81610000,0
1630972020000,314.20000000,314.20000000,311.50000000,312.50000000,10.42200000,1630972079999,3256.89980000,44,2.24200000,703.30700000,0
1630972080000,312.50000000,312.50000000,312.50000000,312.50000000,0.00000000,1630972139999,0.00000000,0,0.00000000,0.00000000,0
1630972140000,312.50000000,312.50000000,312.50000000,312.50000000,0.00000000,1630972199999,0.00000000,0,0.00000000,0.00000000,0
1630972200000,312.80000000,312.80000000,312.80000000,312.80000000,0.06400000,1630972259999,20.01920000,1,0.06400000,20.01920000,0
1630972260000,312.80000000,312.80000000,312.80000000,312.80000000,0.03600000,1630972319999,11.26080000,1,0.00000000,0.00000000,0
1630972320000,313.10000000,314.10000000,312.90000000,312.90000000,2.37400000,1630972379999,744.55700000,12,1.71200000,537.14410000,0
1630972380000,312.90000000,312.90000000,312.90000000,312.90000000,0.00000000,1630972439999,0.00000000,0,0.00000000,0.00000000,0
1630972440000,312.90000000,312.90000000,312.90000000,312.90000000,0.00000000,1630972499999,0.00000000,0,0.00000000,0.00000000,0
1630972500000,312.90000000,312.90000000,312.90000000,312.90000000,0.00000000,1630972559999,0.00000000,0,0.00000000,0.00000000,0
1630972560000,312.90000000,312.90000000,312.90000000,312.90000000,0.00000000,1630972619999,0.00000000,0,0.00000000,0.00000000,0
1630972620000,312.80000000,312.80000000,312.60000000,312.60000000,0.37300000,1630972679999,116.61240000,2,0.00000000,0.00000000,0
1630972680000,313.60000000,314.40000000,311.90000000,314.00000000,72.33000000,1630972739999,22732.50210000,50,9.95600000,3127.78210000,0
1630972740000,314.00000000,314.60000000,314.00000000,314.10000000,3.65600000,1630972799999,1149.64680000,8,3.17900000,999.85390000,0
