1632182400000,0.08479000,0.08479000,0.08479000,0.08479000,1355.00000000,1632182459999,114.89045000,2,0.00000000,0.00000000,0
1632182460000,0.08479000,0.08479000,0.08455000,0.08455000,1983.00000000,1632182519999,167.93577000,3,0.00000000,0.00000000,0
1632182520000,0.08455000,0.08479000,0.08453000,0.08453000,14502.00000000,1632182579999,1228.54237000,6,0.00000000,0.00000000,0
1632182580000,0.08477000,0.08508000,0.08477000,0.08498000,14703.00000000,1632182639999,1247.62204000,18,14097.00000000,1196.12416000,0
1632182640000,0.08498000,0.08498000,0.08487000,0.08487000,50837.00000000,1632182699999,4319.79736000,20,37081.00000000,3150.90479000,0
1632182700000,0.08475000,0.08475000,0.08458000,0.08471000,41496.00000000,1632182759999,3514.96183000,13,7217.00000000,611.04219000,0
1632182760000,0.08458000,0.08465000,0.08453000,0.08453000,9478.00000000,1632182819999,801.39875000,5,0.00000000,0.00000000,0
1632182820000,0.08453000,0.08453000,0.08451000,0.08453000,24399.00000000,1632182879999,2062.28109000,8,20887.00000000,1765.41173000,0
1632182880000,0.08436000,0.08436000,0.08429000,0.08430000,6959.00000000,1632182939999,586.78506000,6,3113.00000000,262.42590000,0
1632182940000,0.08426000,0.08426000,0.08378000,0.08378000,30269.00000000,1632182999999,2541.10366000,35,768.00000000,64.49664000,0
1632183000000,0.08375000,0.08394000,0.08350000,0.08391000,37838.00000000,1632183059999,3166.73006000,22,3291.00000000,276.16497000,0
1632183060000,0.08394000,0.08399000,0.08326000,0.08328000,69346.00000000,1632183119999,5798.43637000,52,30549.00000000,2561.29049000,0
1632183120000,0.08321000,0.08321000,0.08310000,0.08310000,10935.00000000,1632183179999,909.16529000,14,2712.00000000,225.51714000,0
1632183180000,0.08311000,0.08311000,0.08257000,0.08257000,46785.00000000,1632183239999,3879.72778000,55,2542.00000000,210.69239000,0
1632183240000,0.08250000,0.08250000,0.08195000,0.08235000,173885.00000000,1632183299999,14270.06809000,85,26370.00000000,2165.73874000,0
1632183300000,0.08235000,0.08290000,0.08199000,0.08290000,186360.00000000,1632183359999,15393.56694000,41,155823.00000000,12880.90401000,0
1632183360000,0.08279000,0.08290000,0.08270000,0.08270000,24070.00000000,1632183419999,1991.63247000,13,6339.00000000,524.29249000,0
1632183420000,0.08267000,0.08267000,0.08267000,0.08267000,2300.00000000,1632183479999,190.14100000,1,2300.00000000,190.14100000,0
1632183480000,0.08243000,0.08243000,0.08175000,0.08189000,260408.00000000,1632183539999,21312.95801000,54,11102.00000000,909.13458000,0
1632183540000,0.08184000,0.08217000,0.08124000,0.08131000,72263.00000000,1632183599999,5900.59496000,45,8614.00000000,705.83427000,0
1632183600000,0.08124000,0.08139000,0.08009000,0.08077000,373602.00000000,1632183659999,30114.61529900,258,120027.00000000,9668.37488000,0
1632183660000,0.08033000,0.08073000,0.08009000,0.08055000,102505.00000000,1632183719999,8249.38898000,39,7134.00000000,572.69977000,0
1632183720000,0.08055000,0.08055000,0.07699500,0.07861000,1277881.00000000,1632183779999,100242.69935300,503,530361.00000000,41597.27604000,0
1632183780000,0.07810000,0.07960000,0.07810000,0.07903000,762223.00000000,1632183839999,60165.55076000,169,512821.00000000,40507.23774000,0
1632183840000,0.07904000,0.07917000,0.07868000,0.07888000,157606.00000000,1632183899999,12433.80545000,49,34912.00000000,2760.63719000,0
1632183900000,0.07921000,0.07931000,0.07885000,0.07915000,84953.00000000,1632183959999,6709.02654000,35,40570.00000000,3207.92923000,0
1632183960000,0.07914000,0.07962000,0.07887000,0.07948000,200349.00000000,1632184019999,15901.57805000,61,154678.00000000,12289.88950000,0
1632184020000,0.07922000,0.08000000,0.07921000,0.07987000,182427.00000000,1632184079999,14566.48009000,49,69652.00000000,5561.64341000,0
1632184080000,0.08000000,0.08049000,0.08000000,0.08034000,185923.00000000,1632184139999,14894.71516000,61,169041.00000000,13538.83679000,0
1632184140000,0.08035000,0.08035000,0.07985000,0.08016000,168184.00000000,1632184199999,13498.29349000,46,8109.00000000,650.26017000,0
1632184200000,0.07996000,0.07996000,0.07945000,0.07971000,75102.00000000,1632184259999,5982.72078000,37,11546.00000000,920.37261000,0
1632184260000,0.07978000,0.07993000,0.07962000,0.07988000,48136.00000000,1632184319999,3844.35144000,16,43395.00000000,3466.16099000,0
1632184320000,0.07990000,0.08032000,0.07952000,0.08026000,41019.00000000,1632184379999,3290.28556000,16,18422.00000000,1476.76998000,0
1632184380000,0.08030000,0.08084000,0.07995000,0.08037000,76407.00000000,1632184439999,6144.08756000,41,71753.00000000,5770.84695000,0
1632184440000,0.08022000,0.08030000,0.07991000,0.07991000,90504.00000000,1632184499999,7235.29218000,17,3605.00000000,288.99303000,0
1632184500000,0.07981000,0.08090000,0.07974000,0.08090000,200431.00000000,1632184559999,16161.96325000,52,197893.00000000,15959.03714000,0
1632184560000,0.08090000,0.08100000,0.08057000,0.08063000,53557.00000000,1632184619999,4331.22638000,31,22076.00000000,1787.58911000,0
1632184620000,0.08090000,0.08147000,0.08083000,0.08125000,68446.00000000,1632184679999,5551.81236000,48,62243.00000000,5048.22236000,0
1632184680000,0.08136000,0.08180000,0.08136000,0.08180000,19164.00000000,1632184739999,1563.70395000,24,19164.00000000,1563.70395000,0
1632184740000,0.08180000,0.08188000,0.08164000,0.08173000,16921.00000000,1632184799999,1382.02442000,19,2908.00000000,237.88218000,0
1632184800000,0.08166000,0.08188000,0.08154000,0.08154000,25226.00000000,1632184859999,2059.66798000,18,11077.00000000,904.79362000,0
1632184860000,0.08154000,0.08165000,0.08154000,0.08165000,6821.00000000,1632184919999,556.69019000,4,6821.00000000,556.69019000,0
1632184920000,0.08159000,0.08197000,0.08159000,0.08181000,59046.00000000,1632184979999,4825.21439000,34,51477.00000000,4205.83681000,0
1632184980000,0.08170000,0.08181000,0.08166000,0.08169000,54811.00000000,1632185039999,4477.08368000,27,3259.00000000,266.41663000,0
1632185040000,0.08162000,0.08162000,0.08130000,0.08151000,120925.00000000,1632185099999,9846.08958000,31,13215.00000000,1075.69716000,0
1632185100000,0.08152000,0.08152000,0.08151000,0.08151000,7950.00000000,1632185159999,648.06545000,2,6095.00000000,496.86440000,0
1632185160000,0.08163000,0.08167000,0.08160000,0.08165000,15493.00000000,1632185219999,1264.86631000,8,11302.00000000,922.85938000,0
1632185220000,0.08146000,0.08188000,0.08131000,0.08153000,16376.00000000,1632185279999,1334.53202000,14,5195.00000000,424.19934000,0
1632185280000,0.08150000,0.08150000,0.08125000,0.08125000,7348.00000000,1632185339999,597.34199000,8,245.00000000,19.96750000,0
1632185340000,0.08113000,0.08124000,0.08108000,0.08124000,7334.00000000,1632185399999,595.73137000,13,6894.00000000,560.04657000,0
1632185400000,0.08149000,0.08155000,0.08149000,0.08155000,6875.00000000,1632185459999,560.45461000,5,6875.00000000,560.45461000,0
1632185460000,0.08155000,0.08155000,0.08153000,0.08153000,5210.00000000,1632185519999,424.77742000,3,4904.00000000,399.82312000,0
1632185520000,0.08124000,0.08124000,0.08091000,0.08091000,20894.00000000,1632185579999,1695.07274000,15,0.00000000,0.00000000,0
1632185580000,0.08087000,0.08087000,0.08044000,0.08063000,125306.00000000,1632185639999,10093.66979000,41,19786.00000000,1599.47168000,0
1632185640000,0.08062000,0.08069000,0.08052000,0.08069000,14677.00000000,1632185699999,1182.64309000,10,2832.00000000,228.36265000,0
1632185700000,0.08069000,0.08137000,0.08055000,0.08137000,21112.00000000,1632185759999,1707.01832000,19,11357.00000000,920.85961000,0
1632185760000,0.08130000,0.08130000,0.08126000,0.08126000,2005.00000000,1632185819999,162.94350000,5,2005.00000000,162.94350000,0
1632185820000,0.08126000,0.08126000,0.08126000,0.08126000,0.00000000,1632185879999,0.00000000,0,0.00000000,0.00000000,0
1632185880000,0.08125000,0.08128000,0.08091000,0.08097000,3567.00000000,1632185939999,289.26621000,5,1707.00000000,138.69951000,0
1632185940000,0.08082000,0.08095000,0.08020000,0.08095000,23356.00000000,1632185999999,1881.72098000,30,12339.00000000,995.87072000,0
1632186000000,0.08058000,0.08073000,0.08033000,0.08073000,59524.00000000,1632186059999,4791.78162000,25,44552.00000000,3586.75729000,0
1632186060000,0.08065000,0.08106000,0.08043000,0.08106000,62630.00000000,1632186119999,5061.13996000,26,60052.00000000,4853.18662000,0
1632186120000,0.08099000,0.08118000,0.08096000,0.08118000,12539.00000000,1632186179999,1016.10235000,9,4950.00000000,401.58291000,0
1632186180000,0.08100000,0.08120000,0.08100000,0.08100000,8186.00000000,1632186239999,663.18047000,6,168.00000000,13.64160000,0
1632186240000,0.08098000,0.08124000,0.08098000,0.08124000,11209.00000000,1632186299999,909.20390000,9,11209.00000000,909.20390000,0
1632186300000,0.08118000,0.08142000,0.08118000,0.08142000,5008.00000000,1632186359999,407.15538000,6,4393.00000000,357.22968000,0
1632186360000,0.08142000,0.08171000,0.08120000,0.08120000,10940.00000000,1632186419999,890.82141000,17,7684.00000000,626.06950000,0
1632186420000,0.08145000,0.08164000,0.08138000,0.08164000,7621.00000000,1632186479999,620.59870000,10,920.00000000,75.08952000,0
1632186480000,0.08158000,0.08158000,0.08158000,0.08158000,372.00000000,1632186539999,30.34776000,1,372.00000000,30.34776000,0
1632186540000,0.08154000,0.08160000,0.08154000,0.08160000,17081.00000000,1632186599999,1393.39666000,6,4278.00000000,348.92792000,0
1632186600000,0.08150000,0.08157000,0.08150000,0.08157000,12777.00000000,1632186659999,1041.36022000,5,496.00000000,40.45872000,0
1632186660000,0.08121000,0.08121000,0.08121000,0.08121000,218.00000000,1632186719999,17.70378000,1,0.00000000,0.00000000,0
1632186720000,0.08121000,0.08121000,0.08121000,0.08121000,0.00000000,1632186779999,0.00000000,0,0.00000000,0.00000000,0
1632186780000,0.08121000,0.08121000,0.08121000,0.08121000,0.00000000,1632186839999,0.00000000,0,0.00000000,0.00000000,0
1632186840000,0.08157000,0.08157000,0.08091000,0.08091000,8819.00000000,1632186899999,715.48870000,13,42.00000000,3.42594000,0
1632186900000,0.08105000,0.08105000,0.08105000,0.08105000,3601.00000000,1632186959999,291.86105000,1,3601.00000000,291.86105000,0
1632186960000,0.08113000,0.08113000,0.08113000,0.08113000,313.00000000,1632187019999,25.39369000,1,0.00000000,0.00000000,0
1632187020000,0.08117000,0.08153000,0.08110000,0.08153000,27459.00000000,1632187079999,2228.42928000,9,3382.00000000,275.65858000,0
1632187080000,0.08128000,0.08150000,0.08127000,0.08150000,1851.00000000,1632187139999,150.79074000,4,1555.00000000,126.73250000,0
1632187140000,0.08123000,0.08123000,0.08123000,0.08123000,226.00000000,1632187199999,18.35798000,1,0.00000000,0.00000000,0
1632187200000,0.08123000,0.08160000,0.08123000,0.08160000,30978.00000000,1632187259999,2525.31120000,7,29855.00000000,2434.08991000,0
1632187260000,0.08172000,0.08177000,0.08142000,0.08142000,1297.00000000,1632187319999,105.93026000,5,758.00000000,61.96040000,0
1632187320000,0.08147000,0.08147000,0.08146000,0.08146000,3799.00000000,1632187379999,309.48454000,2,0.00000000,0.00000000,0
1632187380000,0.08185000,0.08227000,0.08184000,0.08190000,29152.00000000,1632187439999,2390.80059000,36,22603.00000000,1853.85401000,0
1632187440000,0.08204000,0.08204000,0.08191000,0.08203000,10662.00000000,1632187499999,873.74344000,6,4375.00000000,358.70261000,0
1632187500000,0.08203000,0.08203000,0.08203000,0.08203000,0.00000000,1632187559999,0.00000000,0,0.00000000,0.00000000,0
1632187560000,0.08201000,0.08204000,0.08158000,0.08158000,26869.00000000,1632187619999,2203.64065000,11,2149.00000000,176.24647000,0
1632187620000,0.08203000,0.08240000,0.08203000,0.08240000,26486.00000000,1632187679999,2180.22854000,36,23079.00000000,1900.00279000,0
1632187680000,0.08226000,0.08236000,0.08223000,0.08236000,5044.00000000,1632187739999,414.86165000,4,125.00000000,10.29500000,0
1632187740000,0.08235000,0.08254000,0.08235000,0.08254000,3676.00000000,1632187799999,302.91942000,6,3676.00000000,302.91942000,0
1632187800000,0.08256000,0.08259000,0.08233000,0.08233000,17045.00000000,1632187859999,1405.26430000,12,5749.00000000,474.76962000,0
1632187860000,0.08228000,0.08281000,0.08228000,0.08281000,12395.00000000,1632187919999,1023.54616000,11,11166.00000000,922.12908000,0
1632187920000,0.08284000,0.08315000,0.08284000,0.08302000,11544.00000000,1632187979999,958.29844000,18,10645.00000000,883.66346000,0
1632187980000,0.08299000,0.08326000,0.08296000,0.08307000,32160.00000000,1632188039999,2672.91912000,17,12658.00000000,1052.87743000,0
1632188040000,0.08300000,0.08308000,0.08290000,0.08308000,7224.00000000,1632188099999,599.54371000,4,2590.00000000,214.98119000,0
1632188100000,0.08320000,0.08329000,0.08320000,0.08322000,4844.00000000,1632188159999,403.10472000,3,2700.00000000,224.68104000,0
1632188160000,0.08307000,0.08326000,0.08304000,0.08304000,19243.00000000,1632188219999,1598.81679000,14,2401.00000000,199.85626000,0
1632188220000,0.08318000,0.08327000,0.08296000,0.08327000,13266.00000000,1632188279999,1103.33983000,11,7471.00000000,621.76975000,0
1632188280000,0.08320000,0.08320000,0.08311000,0.08311000,3775.00000000,1632188339999,314.02799000,3,0.00000000,0.00000000,0
1632188340000,0.08325000,0.08364000,0.08325000,0.08364000,23597.00000000,1632188399999,1969.85195000,25,22393.00000000,1869.37815000,0
1632188400000,0.08365000,0.08391000,0.08365000,0.08388000,12590.00000000,1632188459999,1055.12894000,16,9006.00000000,754.50302000,0
1632188460000,0.08396000,0.08424000,0.08396000,0.08407000,19035.00000000,1632188519999,1600.01552000,23,18840.00000000,1583.62187000,0
1632188520000,0.08422000,0.08422000,0.08389000,0.08406000,32368.00000000,1632188579999,2722.65560000,13,9974.00000000,839.31619000,0
1632188580000,0.08402000,0.08403000,0.08372000,0.08372000,15312.00000000,1632188639999,1286.11772000,10,1284.00000000,107.81748000,0
1632188640000,0.08372000,0.08372000,0.08368000,0.08368000,1593.00000000,1632188699999,133.31456000,2,1285.00000000,107.52880000,0
1632188700000,0.08368000,0.08368000,0.08368000,0.08368000,0.00000000,1632188759999,0.00000000,0,0.00000000,0.00000000,0
1632188760000,0.08379000,0.08379000,0.08379000,0.08379000,575.00000000,1632188819999,48.17925000,1,0.00000000,0.00000000,0
1632188820000,0.08407000,0.08407000,0.08407000,0.08407000,489.00000000,1632188879999,41.11023000,1,489.00000000,41.11023000,0
1632188880000,0.08407000,0.08407000,0.08355000,0.08355000,10986.00000000,1632188939999,921.53746000,9,3891.00000000,327.10284000,0
1632188940000,0.08358000,0.08358000,0.08356000,0.08356000,2288.00000000,1632188999999,191.21928000,3,0.00000000,0.00000000,0
1632189000000,0.08377000,0.08402000,0.08367000,0.08367000,5851.00000000,1632189059999,490.64718000,9,4572.00000000,383.63325000,0
1632189060000,0.08370000,0.08371000,0.08370000,0.08371000,2718.00000000,1632189119999,227.51359000,3,2718.00000000,227.51359000,0
1632189120000,0.08371000,0.08372000,0.08371000,0.08372000,2981.00000000,1632189179999,249.55632000,5,2153.00000000,180.24444000,0
1632189180000,0.08374000,0.08374000,0.08374000,0.08374000,3325.00000000,1632189239999,278.43550000,1,3325.00000000,278.43550000,0
1632189240000,0.08374000,0.08374000,0.08374000,0.08374000,1982.00000000,1632189299999,165.97268000,3,1982.00000000,165.97268000,0
1632189300000,0.08374000,0.08374000,0.08374000,0.08374000,3003.00000000,1632189359999,251.47122000,1,3003.00000000,251.47122000,0
1632189360000,0.08374000,0.08398000,0.08374000,0.08398000,4694.00000000,1632189419999,393.66236000,7,4694.00000000,393.66236000,0
1632189420000,0.08397000,0.08398000,0.08397000,0.08398000,5953.00000000,1632189479999,499.91794000,2,5953.00000000,499.91794000,0
1632189480000,0.08388000,0.08398000,0.08388000,0.08398000,20420.00000000,1632189539999,1714.76424000,5,19824.00000000,1664.77176000,0
1632189540000,0.08403000,0.08415000,0.08385000,0.08405000,76714.00000000,1632189599999,6440.57248000,19,41260.00000000,3467.47733000,0
1632189600000,0.08387000,0.08407000,0.08386000,0.08407000,16478.00000000,1632189659999,1383.07676000,10,6130.00000000,515.25910000,0
1632189660000,0.08404000,0.08404000,0.08404000,0.08404000,237.00000000,1632189719999,19.91748000,1,237.00000000,19.91748000,0
1632189720000,0.08377000,0.08418000,0.08377000,0.08412000,18989.00000000,1632189779999,1596.75134000,16,2510.00000000,211.21801000,0
1632189780000,0.08403000,0.08404000,0.08402000,0.08404000,1481.00000000,1632189839999,124.44968000,3,1120.00000000,94.11124000,0
1632189840000,0.08423000,0.08434000,0.08412000,0.08434000,32247.00000000,1632189899999,2718.00624000,25,31111.00000000,2622.40038000,0
1632189900000,0.08436000,0.08453000,0.08421000,0.08421000,30939.00000000,1632189959999,2609.98226000,38,4125.00000000,348.31174000,0
1632189960000,0.08449000,0.08452000,0.08417000,0.08444000,10488.00000000,1632190019999,885.76473000,12,10367.00000000,875.58016000,0
1632190020000,0.08424000,0.08424000,0.08424000,0.08424000,771.00000000,1632190079999,64.94904000,2,0.00000000,0.00000000,0
1632190080000,0.08424000,0.08433000,0.08420000,0.08433000,27458.00000000,1632190139999,2313.76185000,7,8765.00000000,739.06353000,0
1632190140000,0.08433000,0.08433000,0.08433000,0.08433000,0.00000000,1632190199999,0.00000000,0,0.00000000,0.00000000,0
1632190200000,0.08433000,0.08433000,0.08433000,0.08433000,0.00000000,1632190259999,0.00000000,0,0.00000000,0.00000000,0
1632190260000,0.08442000,0.08452000,0.08429000,0.08452000,14729.00000000,1632190319999,1242.32709000,8,204.00000000,17.23383000,0
1632190320000,0.08452000,0.08459000,0.08433000,0.08457000,11305.00000000,1632190379999,955.62744000,12,6507.00000000,550.16508000,0
1632190380000,0.08452000,0.08452000,0.08452000,0.08452000,591.00000000,1632190439999,49.95132000,1,0.00000000,0.00000000,0
1632190440000,0.08457000,0.08461000,0.08457000,0.08461000,1881.00000000,1632190499999,159.14957000,4,1881.00000000,159.14957000,0
1632190500000,0.08461000,0.08461000,0.08434000,0.08434000,19207.00000000,1632190559999,1621.75222000,9,1468.00000000,124.20748000,0
1632190560000,0.08452000,0.08460000,0.08452000,0.08460000,234278.00000000,1632190619999,19801.27112000,16,5248.00000000,443.65552000,0
1632190620000,0.08460000,0.08460000,0.08460000,0.08460000,0.00000000,1632190679999,0.00000000,0,0.00000000,0.00000000,0
1632190680000,0.08460000,0.08460000,0.08460000,0.08460000,2474.00000000,1632190739999,209.30040000,8,2474.00000000,209.30040000,0
1632190740000,0.08460000,0.08470000,0.08459000,0.08470000,3218.00000000,1632190799999,272.38421000,9,3074.00000000,260.20181000,0
1632190800000,0.08462000,0.08462000,0.08432000,0.08432000,7131.00000000,1632190859999,603.05832000,2,0.00000000,0.00000000,0
1632190860000,0.08458000,0.08474000,0.08458000,0.08460000,8986.00000000,1632190919999,760.18676000,15,7277.00000000,615.59482000,0
1632190920000,0.08460000,0.08477000,0.08450000,0.08453000,14853.00000000,1632190979999,1256.04794000,12,7074.00000000,598.14327000,0
1632190980000,0.08475000,0.08475000,0.08475000,0.08475000,117.00000000,1632191039999,9.91575000,1,117.00000000,9.91575000,0
1632191040000,0.08475000,0.08476000,0.08475000,0.08476000,1922.00000000,1632191099999,162.89547000,4,1922.00000000,162.89547000,0
1632191100000,0.08475000,0.08475000,0.08448000,0.08448000,1461.00000000,1632191159999,123.48491000,3,0.00000000,0.00000000,0
1632191160000,0.08441000,0.08473000,0.08441000,0.08473000,7350.00000000,1632191219999,622.64217000,7,7050.00000000,597.31917000,0
1632191220000,0.08473000,0.08473000,0.08473000,0.08473000,0.00000000,1632191279999,0.00000000,0,0.00000000,0.00000000,0
1632191280000,0.08472000,0.08473000,0.08469000,0.08471000,4696.00000000,1632191339999,397.81979000,10,4460.00000000,377.83059000,0
1632191340000,0.08472000,0.08480000,0.08459000,0.08459000,18252.00000000,1632191399999,1546.28904000,7,17095.00000000,1448.41841000,0
1632191400000,0.08477000,0.08480000,0.08477000,0.08480000,5587.00000000,1632191459999,473.70500000,7,5587.00000000,473.70500000,0
1632191460000,0.08463000,0.08463000,0.08419000,0.08419000,12367.00000000,1632191519999,1044.79343000,14,0.00000000,0.00000000,0
1632191520000,0.08449000,0.08449000,0.08446000,0.08446000,24954.00000000,1632191579999,2107.67232000,6,24954.00000000,2107.67232000,0
1632191580000,0.08446000,0.08446000,0.08446000,0.08446000,17388.00000000,1632191639999,1468.59048000,3,62.00000000,5.23652000,0
1632191640000,0.08458000,0.08462000,0.08458000,0.08462000,13350.00000000,1632191699999,1129.46419000,9,11219.00000000,949.13897000,0
1632191700000,0.08463000,0.08470000,0.08462000,0.08462000,10180.00000000,1632191759999,861.52989000,5,355.00000000,30.06850000,0
1632191760000,0.08474000,0.08485000,0.08474000,0.08485000,4001.00000000,1632191819999,339.30953000,12,4001.00000000,339.30953000,0
1632191820000,0.08482000,0.08482000,0.08482000,0.08482000,473.00000000,1632191879999,40.11986000,1,473.00000000,40.11986000,0
1632191880000,0.08481000,0.08481000,0.08481000,0.08481000,3277.00000000,1632191939999,277.92237000,5,3277.00000000,277.92237000,0
1632191940000,0.08485000,0.08488000,0.08481000,0.08481000,15310.00000000,1632191999999,1298.82478000,6,9265.00000000,786.14683000,0
1632192000000,0.08486000,0.08488000,0.08486000,0.08488000,2615.00000000,1632192059999,221.92520000,4,2615.00000000,221.92520000,0
1632192060000,0.08490000,0.08490000,0.08476000,0.08476000,9549.00000000,1632192119999,810.28301000,7,6183.00000000,524.93670000,0
1632192120000,0.08494000,0.08500000,0.08494000,0.08500000,2093.00000000,1632192179999,177.79958000,4,2093.00000000,177.79958000,0
1632192180000,0.08497000,0.08497000,0.08497000,0.08497000,139.00000000,1632192239999,11.81083000,1,0.00000000,0.00000000,0
1632192240000,0.08493000,0.08501000,0.08493000,0.08499000,40430.00000000,1632192299999,3435.27191000,9,37117.00000000,3153.70004000,0
1632192300000,0.08501000,0.08512000,0.08501000,0.08502000,10037.00000000,1632192359999,853.87471000,12,7445.00000000,633.48794000,0
1632192360000,0.08515000,0.08524000,0.08509000,0.08523000,6442.00000000,1632192419999,548.71966000,9,5062.00000000,431.14621000,0
1632192420000,0.08523000,0.08535000,0.08523000,0.08524000,8199.00000000,1632192479999,699.07156000,16,7303.00000000,622.69902000,0
1632192480000,0.08535000,0.08552000,0.08535000,0.08540000,18762.00000000,1632192539999,1602.17941000,20,12344.00000000,1054.20221000,0
1632192540000,0.08547000,0.08547000,0.08508000,0.08524000,104877.00000000,1632192599999,8941.49995000,30,11497.00000000,982.48124000,0
1632192600000,0.08505000,0.08528000,0.08504000,0.08507000,10698.00000000,1632192659999,910.49828000,16,3186.00000000,271.62424000,0
1632192660000,0.08507000,0.08507000,0.08507000,0.08507000,0.00000000,1632192719999,0.00000000,0,0.00000000,0.00000000,0
1632192720000,0.08543000,0.08609000,0.08543000,0.08566000,193978.00000000,1632192779999,16661.14286000,73,170808.00000000,14678.05399000,0
1632192780000,0.08585000,0.08585000,0.08510000,0.08541000,41042.00000000,1632192839999,3499.02758000,42,6153.00000000,525.72485000,0
1632192840000,0.08545000,0.08548000,0.08541000,0.08541000,3471.00000000,1632192899999,296.57853000,6,3471.00000000,296.57853000,0
1632192900000,0.08537000,0.08541000,0.08532000,0.08532000,7572.00000000,1632192959999,646.45836000,5,5562.00000000,474.96242000,0
1632192960000,0.08532000,0.08536000,0.08532000,0.08536000,1103.00000000,1632193019999,94.14708000,4,978.00000000,83.48208000,0
1632193020000,0.08532000,0.08532000,0.08531000,0.08532000,6538.00000000,1632193079999,557.80016000,6,3633.00000000,309.94556000,0
1632193080000,0.08533000,0.08546000,0.08516000,0.08516000,28669.00000000,1632193139999,2443.73922000,21,4203.00000000,358.80218000,0
1632193140000,0.08544000,0.08544000,0.08544000,0.08544000,331.00000000,1632193199999,28.28064000,1,331.00000000,28.28064000,0
1632193200000,0.08536000,0.08536000,0.08507000,0.08507000,8990.00000000,1632193259999,765.88794000,12,3301.00000000,281.69363000,0
1632193260000,0.08507000,0.08507000,0.08489000,0.08489000,50531.00000000,1632193319999,4294.47798000,18,29633.00000000,2518.80500000,0
1632193320000,0.08489000,0.08489000,0.08489000,0.08489000,0.00000000,1632193379999,0.00000000,0,0.00000000,0.00000000,0
1632193380000,0.08489000,0.08490000,0.08481000,0.08481000,34596.00000000,1632193439999,2936.73213000,8,25174.00000000,2137.02086000,0
1632193440000,0.08496000,0.08515000,0.08488000,0.08488000,16369.00000000,1632193499999,1392.59355000,16,13629.00000000,1159.98235000,0
1632193500000,0.08504000,0.08504000,0.08504000,0.08504000,1344.00000000,1632193559999,114.29376000,3,0.00000000,0.00000000,0
1632193560000,0.08512000,0.08517000,0.08512000,0.08517000,16894.00000000,1632193619999,1438.31326000,19,15728.00000000,1339.06334000,0
1632193620000,0.08501000,0.08501000,0.08499000,0.08500000,10295.00000000,1632193679999,875.05932000,5,2221.00000000,188.78500000,0
1632193680000,0.08502000,0.08502000,0.08497000,0.08500000,27813.00000000,1632193739999,2363.96938000,19,19516.00000000,1658.77891000,0
1632193740000,0.08509000,0.08509000,0.08509000,0.08509000,2219.00000000,1632193799999,188.81471000,1,0.00000000,0.00000000,0
1632193800000,0.08519000,0.08534000,0.08519000,0.08534000,3941.00000000,1632193859999,335.82345000,6,3941.00000000,335.82345000,0
1632193860000,0.08519000,0.08519000,0.08509000,0.08509000,3570.00000000,1632193919999,303.90620000,2,0.00000000,0.00000000,0
1632193920000,0.08511000,0.08521000,0.08511000,0.08521000,1525.00000000,1632193979999,129.84075000,3,1525.00000000,129.84075000,0
1632193980000,0.08516000,0.08525000,0.08516000,0.08525000,892.00000000,1632194039999,75.96569000,2,892.00000000,75.96569000,0
1632194040000,0.08524000,0.08532000,0.08524000,0.08532000,5146.00000000,1632194099999,438.80686000,6,5146.00000000,438.80686000,0
1632194100000,0.08532000,0.08532000,0.08532000,0.08532000,2344.00000000,1632194159999,199.99008000,1,0.00000000,0.00000000,0
1632194160000,0.08531000,0.08531000,0.08531000,0.08531000,2195.00000000,1632194219999,187.25545000,3,2195.00000000,187.25545000,0
1632194220000,0.08499000,0.08504000,0.08496000,0.08504000,20408.00000000,1632194279999,1734.91172000,9,14789.00000000,1257.39182000,0
1632194280000,0.08497000,0.08498000,0.08481000,0.08483000,40053.00000000,1632194339999,3401.37828000,18,1027.00000000,87.12648000,0
1632194340000,0.08474000,0.08474000,0.08474000,0.08474000,1010.00000000,1632194399999,85.58740000,1,0.00000000,0.00000000,0
1632194400000,0.08507000,0.08507000,0.08507000,0.08507000,1506.00000000,1632194459999,128.11542000,3,1506.00000000,128.11542000,0
1632194460000,0.08506000,0.08506000,0.08506000,0.08506000,485.00000000,1632194519999,41.25410000,1,485.00000000,41.25410000,0
1632194520000,0.08506000,0.08507000,0.08474000,0.08476000,25600.00000000,1632194579999,2170.16702000,19,2085.00000000,177.35198000,0
1632194580000,0.08477000,0.08478000,0.08474000,0.08478000,89484.00000000,1632194639999,7583.34592000,16,49651.00000000,4207.77298000,0
1632194640000,0.08500000,0.08508000,0.08500000,0.08507000,2358.00000000,1632194699999,200.55575000,4,2358.00000000,200.55575000,0
1632194700000,0.08515000,0.08515000,0.08515000,0.08515000,145.00000000,1632194759999,12.34675000,1,145.00000000,12.34675000,0
1632194760000,0.08525000,0.08525000,0.08500000,0.08500000,40520.00000000,1632194819999,3446.63638000,6,6462.00000000,549.29950000,0
1632194820000,0.08509000,0.08509000,0.08509000,0.08509000,282.00000000,1632194879999,23.99538000,1,282.00000000,23.99538000,0
1632194880000,0.08509000,0.08509000,0.08509000,0.08509000,1952.00000000,1632194939999,166.09568000,6,1952.00000000,166.09568000,0
1632194940000,0.08491000,0.08491000,0.08491000,0.08491000,404.00000000,1632194999999,34.30364000,1,0.00000000,0.00000000,0
1632195000000,0.08489000,0.08498000,0.08452000,0.08452000,30983.00000000,1632195059999,2623.45207000,36,2162.00000000,183.72476000,0
1632195060000,0.08477000,0.08477000,0.08402000,0.08402000,79023.00000000,1632195119999,6653.97704000,39,178.00000000,15.08906000,0
1632195120000,0.08431000,0.08431000,0.08428000,0.08430000,35423.00000000,1632195179999,2986.12106000,9,7421.00000000,625.55246000,0
1632195180000,0.08406000,0.08406000,0.08397000,0.08397000,2752.00000000,1632195239999,231.25312000,3,0.00000000,0.00000000,0
1632195240000,0.08411000,0.08411000,0.08380000,0.08380000,14121.00000000,1632195299999,1185.08949000,18,2192.00000000,184.36912000,0
1632195300000,0.08394000,0.08394000,0.08394000,0.08394000,258.00000000,1632195359999,21.65652000,1,258.00000000,21.65652000,0
1632195360000,0.08400000,0.08404000,0.08383000,0.08383000,4100.00000000,1632195419999,344.06006000,8,1822.00000000,153.04800000,0
1632195420000,0.08397000,0.08397000,0.08397000,0.08397000,920.00000000,1632195479999,77.25240000,2,920.00000000,77.25240000,0
1632195480000,0.08397000,0.08425000,0.08397000,0.08420000,14198.00000000,1632195539999,1195.20351000,9,14198.00000000,1195.20351000,0
1632195540000,0.08420000,0.08420000,0.08420000,0.08420000,1910.00000000,1632195599999,160.82200000,1,1910.00000000,160.82200000,0
1632195600000,0.08420000,0.08420000,0.08420000,0.08420000,5946.00000000,1632195659999,500.65320000,11,5946.00000000,500.65320000,0
1632195660000,0.08407000,0.08407000,0.08407000,0.08407000,851.00000000,1632195719999,71.54357000,1,0.00000000,0.00000000,0
1632195720000,0.08422000,0.08441000,0.08402000,0.08423000,19032.00000000,1632195779999,1603.31210000,38,13224.00000000,1114.30563000,0
1632195780000,0.08426000,0.08431000,0.08426000,0.08431000,16503.00000000,1632195839999,1391.12276000,14,16503.00000000,1391.12276000,0
1632195840000,0.08434000,0.08441000,0.08423000,0.08434000,8475.00000000,1632195899999,714.66268000,10,7197.00000000,607.01674000,0
1632195900000,0.08415000,0.08426000,0.08415000,0.08424000,9758.00000000,1632195959999,821.78353000,6,2245.00000000,189.07480000,0
1632195960000,0.08422000,0.08424000,0.08410000,0.08410000,3518.00000000,1632196019999,296.16224000,5,3518.00000000,296.16224000,0
1632196020000,0.08410000,0.08410000,0.08400000,0.08400000,13347.00000000,1632196079999,1121.25383000,18,0.00000000,0.00000000,0
1632196080000,0.08410000,0.08423000,0.08404000,0.08423000,32854.00000000,1632196139999,2763.79242000,16,28207.00000000,2372.42254000,0
1632196140000,0.08433000,0.08433000,0.08433000,0.08433000,634.00000000,1632196199999,53.46522000,3,634.00000000,53.46522000,0
1632196200000,0.08433000,0.08433000,0.08363000,0.08363000,41561.00000000,1632196259999,3488.04588000,37,1022.00000000,86.18526000,0
1632196260000,0.08364000,0.08364000,0.08364000,0.08364000,1049.00000000,1632196319999,87.73836000,1,1049.00000000,87.73836000,0
1632196320000,0.08384000,0.08388000,0.08384000,0.08388000,6534.00000000,1632196379999,547.95892000,6,6534.00000000,547.95892000,0
1632196380000,0.08389000,0.08409000,0.08389000,0.08409000,4689.00000000,1632196439999,393.40093000,3,4689.00000000,393.40093000,0
1632196440000,0.08410000,0.08410000,0.08375000,0.08376000,38444.00000000,1632196499999,3230.72879000,12,16926.00000000,1423.29529000,0
1632196500000,0.08375000,0.08375000,0.08370000,0.08370000,3074.00000000,1632196559999,257.35485000,2,3074.00000000,257.35485000,0
1632196560000,0.08392000,0.08392000,0.08379000,0.08379000,4000.00000000,1632196619999,335.43300000,4,2100.00000000,176.23200000,0
1632196620000,0.08394000,0.08394000,0.08394000,0.08394000,1256.00000000,1632196679999,105.42864000,2,0.00000000,0.00000000,0
1632196680000,0.08403000,0.08411000,0.08395000,0.08395000,6238.00000000,1632196739999,523.89322000,8,2366.00000000,198.83034000,0
1632196740000,0.08395000,0.08395000,0.08394000,0.08394000,19261.00000000,1632196799999,1616.82783000,12,0.00000000,0.00000000,0
1632196800000,0.08368000,0.08412000,0.08367000,0.08412000,2617.00000000,1632196859999,219.65131000,5,1540.00000000,129.53030000,0
1632196860000,0.08410000,0.08410000,0.08410000,0.08410000,445.00000000,1632196919999,37.42450000,1,445.00000000,37.42450000,0
1632196920000,0.08415000,0.08420000,0.08415000,0.08420000,2074.00000000,1632196979999,174.56883000,5,2074.00000000,174.56883000,0
1632196980000,0.08420000,0.08420000,0.08420000,0.08420000,150.00000000,1632197039999,12.63000000,1,150.00000000,12.63000000,0
1632197040000,0.08424000,0.08434000,0.08424000,0.08434000,3710.00000000,1632197099999,312.65281000,6,3710.00000000,312.65281000,0
1632197100000,0.08430000,0.08433000,0.08393000,0.08393000,5650.00000000,1632197159999,475.00009000,4,2087.00000000,175.95750000,0
1632197160000,0.08438000,0.08449000,0.08438000,0.08449000,7739.00000000,1632197219999,653.36838000,13,7739.00000000,653.36838000,0
1632197220000,0.08449000,0.08449000,0.08449000,0.08449000,0.00000000,1632197279999,0.00000000,0,0.00000000,0.00000000,0
1632197280000,0.08449000,0.08449000,0.08387000,0.08387000,12098.00000000,1632197339999,1016.58426000,17,3464.00000000,291.21066000,0
1632197340000,0.08388000,0.08388000,0.08372000,0.08388000,12797.00000000,1632197399999,1073.10340000,10,979.00000000,82.11852000,0
1632197400000,0.08386000,0.08386000,0.08382000,0.08382000,822.00000000,1632197459999,68.92604000,2,650.00000000,54.50900000,0
1632197460000,0.08381000,0.08382000,0.08355000,0.08355000,1962.00000000,1632197519999,164.30845000,7,570.00000000,47.77314000,0
1632197520000,0.08379000,0.08379000,0.08351000,0.08351000,5219.00000000,1632197579999,436.27686000,8,826.00000000,69.21054000,0
1632197580000,0.08353000,0.08353000,0.08353000,0.08353000,370.00000000,1632197639999,30.90610000,1,370.00000000,30.90610000,0
1632197640000,0.08375000,0.08375000,0.08374000,0.08374000,3728.00000000,1632197699999,312.20568000,4,3728.00000000,312.20568000,0
1632197700000,0.08375000,0.08387000,0.08363000,0.08363000,3959.00000000,1632197759999,331.59895000,7,3227.00000000,270.38179000,0
1632197760000,0.08384000,0.08386000,0.08384000,0.08386000,1773.00000000,1632197819999,148.67024000,5,1773.00000000,148.67024000,0
1632197820000,0.08386000,0.08386000,0.08386000,0.08386000,0.00000000,1632197879999,0.00000000,0,0.00000000,0.00000000,0
1632197880000,0.08384000,0.08386000,0.08384000,0.08385000,3979.00000000,1632197939999,333.64286000,7,1926.00000000,161.49881000,0
1632197940000,0.08361000,0.08361000,0.08359000,0.08359000,2346.00000000,1632197999999,196.11214000,2,0.00000000,0.00000000,0
1632198000000,0.08379000,0.08379000,0.08350000,0.08350000,3680.00000000,1632198059999,307.85427000,7,2081.00000000,174.33546000,0
1632198060000,0.08349000,0.08350000,0.08287000,0.08298000,123816.00000000,1632198119999,10305.35689000,80,33643.00000000,2799.28238000,0
1632198120000,0.08316000,0.08316000,0.08316000,0.08316000,551.00000000,1632198179999,45.82116000,1,551.00000000,45.82116000,0
1632198180000,0.08317000,0.08317000,0.08303000,0.08303000,4809.00000000,1632198239999,399.69609000,4,2883.00000000,239.77911000,0
1632198240000,0.08285000,0.08285000,0.08278000,0.08278000,14024.00000000,1632198299999,1161.28154000,15,0.00000000,0.00000000,0
1632198300000,0.08285000,0.08285000,0.08263000,0.08273000,24147.00000000,1632198359999,1998.21319000,22,8867.00000000,733.79401000,0
1632198360000,0.08278000,0.08278000,0.08277000,0.08278000,3469.00000000,1632198419999,287.14971000,5,2986.00000000,247.16697000,0
1632198420000,0.08276000,0.08300000,0.08273000,0.08299000,71996.00000000,1632198479999,5973.98841000,23,21741.00000000,1803.47255000,0
1632198480000,0.08297000,0.08298000,0.08263000,0.08263000,24158.00000000,1632198539999,1999.24748000,13,12463.00000000,1032.14614000,0
1632198540000,0.08268000,0.08273000,0.08260000,0.08263000,9696.00000000,1632198599999,801.23200000,10,8669.00000000,716.36888000,0
1632198600000,0.08270000,0.08280000,0.08257000,0.08280000,26946.00000000,1632198659999,2228.67847000,21,17611.00000000,1457.67522000,0
1632198660000,0.08280000,0.08280000,0.08280000,0.08280000,0.00000000,1632198719999,0.00000000,0,0.00000000,0.00000000,0
1632198720000,0.08280000,0.08286000,0.08280000,0.08286000,4702.00000000,1632198779999,389.55258000,6,4335.00000000,359.14296000,0
1632198780000,0.08286000,0.08286000,0.08286000,0.08286000,0.00000000,1632198839999,0.00000000,0,0.00000000,0.00000000,0
1632198840000,0.08286000,0.08286000,0.08286000,0.08286000,2099.00000000,1632198899999,173.92314000,1,2099.00000000,173.92314000,0
1632198900000,0.08286000,0.08294000,0.08285000,0.08294000,7254.00000000,1632198959999,601.01537000,7,7254.00000000,601.01537000,0
1632198960000,0.08298000,0.08299000,0.08298000,0.08299000,2788.00000000,1632199019999,231.35912000,4,2788.00000000,231.35912000,0
1632199020000,0.08299000,0.08299000,0.08299000,0.08299000,0.00000000,1632199079999,0.00000000,0,0.00000000,0.00000000,0
1632199080000,0.08298000,0.08302000,0.08285000,0.08285000,13600.00000000,1632199139999,1127.39201000,19,2709.00000000,224.88302000,0
1632199140000,0.08279000,0.08279000,0.08250000,0.08262000,20394.00000000,1632199199999,1684.49507000,15,5411.00000000,446.63382000,0
1632199200000,0.08278000,0.08280000,0.08259000,0.08259000,7842.00000000,1632199259999,648.20231000,6,7842.00000000,648.20231000,0
1632199260000,0.08274000,0.08274000,0.08274000,0.08274000,7659.00000000,1632199319999,633.70566000,2,7659.00000000,633.70566000,0
1632199320000,0.08275000,0.08277000,0.08275000,0.08275000,6365.00000000,1632199379999,526.70491000,5,2740.00000000,226.73616000,0
1632199380000,0.08264000,0.08271000,0.08264000,0.08271000,10445.00000000,1632199439999,863.52442000,3,10445.00000000,863.52442000,0
1632199440000,0.08270000,0.08271000,0.08270000,0.08271000,5572.00000000,1632199499999,460.82612000,6,5572.00000000,460.82612000,0
1632199500000,0.08255000,0.08255000,0.08244000,0.08244000,4698.00000000,1632199559999,387.63942000,4,2218.00000000,183.09590000,0
1632199560000,0.08253000,0.08264000,0.08251000,0.08251000,25172.00000000,1632199619999,2078.27354000,14,22833.00000000,1885.28265000,0
1632199620000,0.08251000,0.08251000,0.08251000,0.08251000,0.00000000,1632199679999,0.00000000,0,0.00000000,0.00000000,0
1632199680000,0.08253000,0.08267000,0.08253000,0.08267000,4163.00000000,1632199739999,343.89032000,7,2327.00000000,192.36524000,0
1632199740000,0.08267000,0.08267000,0.08267000,0.08267000,0.00000000,1632199799999,0.00000000,0,0.00000000,0.00000000,0
1632199800000,0.08266000,0.08271000,0.08251000,0.08251000,2678.00000000,1632199859999,221.36371000,6,2384.00000000,197.10577000,0
1632199860000,0.08266000,0.08293000,0.08266000,0.08293000,123918.00000000,1632199919999,10257.28359000,34,123682.00000000,10237.72627000,0
1632199920000,0.08297000,0.08297000,0.08297000,0.08297000,20540.00000000,1632199979999,1704.20380000,5,7768.00000000,644.51096000,0
1632199980000,0.08294000,0.08294000,0.08241000,0.08241000,83259.00000000,1632200039999,6885.47849000,50,779.00000000,64.37656000,0
1632200040000,0.08281000,0.08284000,0.08281000,0.08284000,2253.00000000,1632200099999,186.57552000,5,2253.00000000,186.57552000,0
1632200100000,0.08273000,0.08274000,0.08273000,0.08274000,2871.00000000,1632200159999,237.52554000,2,2871.00000000,237.52554000,0
1632200160000,0.08265000,0.08280000,0.08265000,0.08280000,15662.00000000,1632200219999,1296.32586000,12,13343.00000000,1104.31266000,0
1632200220000,0.08259000,0.08259000,0.08256000,0.08256000,20533.00000000,1632200279999,1695.27165000,2,0.00000000,0.00000000,0
1632200280000,0.08263000,0.08263000,0.08263000,0.08263000,2086.00000000,1632200339999,172.36618000,3,2086.00000000,172.36618000,0
1632200340000,0.08254000,0.08254000,0.08254000,0.08254000,5120.00000000,1632200399999,422.60480000,3,0.00000000,0.00000000,0
1632200400000,0.08254000,0.08254000,0.08243000,0.08243000,3013.00000000,1632200459999,248.64231000,4,2552.00000000,210.64208000,0
1632200460000,0.08253000,0.08263000,0.08242000,0.08242000,18361.00000000,1632200519999,1515.46232000,17,15544.00000000,1283.24318000,0
1632200520000,0.08280000,0.08288000,0.08280000,0.08288000,1462.00000000,1632200579999,121.06772000,5,1462.00000000,121.06772000,0
1632200580000,0.08266000,0.08266000,0.08266000,0.08266000,7001.00000000,1632200639999,578.70266000,2,0.00000000,0.00000000,0
1632200640000,0.08268000,0.08270000,0.08257000,0.08257000,12587.00000000,1632200699999,1039.90731000,6,3311.00000000,273.70971000,0
1632200700000,0.08260000,0.08260000,0.08237000,0.08237000,3560.00000000,1632200759999,293.60795000,5,1212.00000000,100.11120000,0
1632200760000,0.08223000,0.08235000,0.08222000,0.08234000,4178.00000000,1632200819999,343.86660000,7,2791.00000000,229.82503000,0
1632200820000,0.08224000,0.08224000,0.08223000,0.08223000,2561.00000000,1632200879999,210.61203000,2,0.00000000,0.00000000,0
1632200880000,0.08223000,0.08223000,0.08223000,0.08223000,0.00000000,1632200939999,0.00000000,0,0.00000000,0.00000000,0
1632200940000,0.08223000,0.08223000,0.08211000,0.08211000,13086.00000000,1632200999999,1075.47962000,14,1435.00000000,117.82785000,0
1632201000000,0.08220000,0.08223000,0.08220000,0.08223000,9767.00000000,1632201059999,802.86216000,2,9767.00000000,802.86216000,0
1632201060000,0.08241000,0.08241000,0.08224000,0.08224000,16891.00000000,1632201119999,1389.44364000,15,157.00000000,12.93837000,0
1632201120000,0.08238000,0.08248000,0.08230000,0.08240000,7159.00000000,1632201179999,589.80793000,9,7159.00000000,589.80793000,0
1632201180000,0.08234000,0.08234000,0.08179000,0.08179000,54107.00000000,1632201239999,4439.36760000,30,0.00000000,0.00000000,0
1632201240000,0.08194000,0.08201000,0.08194000,0.08200000,15570.00000000,1632201299999,1276.57487000,14,14034.00000000,1150.62287000,0
1632201300000,0.08198000,0.08199000,0.08198000,0.08199000,9628.00000000,1632201359999,789.33266000,4,9628.00000000,789.33266000,0
1632201360000,0.08201000,0.08226000,0.08201000,0.08219000,46112.00000000,1632201419999,3783.81995000,26,39515.00000000,3242.79998000,0
1632201420000,0.08193000,0.08193000,0.08164000,0.08164000,26593.00000000,1632201479999,2174.55486000,19,1119.00000000,91.42230000,0
1632201480000,0.08176000,0.08182000,0.08117000,0.08117000,54786.00000000,1632201539999,4459.36557000,51,6575.00000000,535.52548000,0
1632201540000,0.08117000,0.08117000,0.08117000,0.08117000,518.00000000,1632201599999,42.04606000,1,0.00000000,0.00000000,0
1632201600000,0.08118000,0.08134000,0.08118000,0.08134000,8247.00000000,1632201659999,670.42685000,7,7284.00000000,592.16635000,0
1632201660000,0.08146000,0.08150000,0.08146000,0.08150000,22551.00000000,1632201719999,1837.36442000,15,14441.00000000,1176.63862000,0
1632201720000,0.08151000,0.08151000,0.08127000,0.08140000,31321.00000000,1632201779999,2551.97069000,13,9665.00000000,787.02400000,0
1632201780000,0.08125000,0.08125000,0.08102000,0.08102000,31336.00000000,1632201839999,2542.73841000,15,2680.00000000,217.37480000,0
1632201840000,0.08103000,0.08139000,0.08079000,0.08082000,47928.00000000,1632201899999,3881.18118000,36,21972.00000000,1780.95495000,0
1632201900000,0.08103000,0.08108000,0.08103000,0.08108000,5831.00000000,1632201959999,472.63287000,5,5831.00000000,472.63287000,0
1632201960000,0.08121000,0.08122000,0.08106000,0.08121000,13139.00000000,1632202019999,1066.82664000,12,9332.00000000,757.90024000,0
1632202020000,0.08124000,0.08145000,0.08120000,0.08124000,10406.00000000,1632202079999,846.04654000,9,8551.00000000,695.34634000,0
1632202080000,0.08136000,0.08169000,0.08136000,0.08169000,18144.00000000,1632202139999,1477.19831000,23,18144.00000000,1477.19831000,0
1632202140000,0.08168000,0.08168000,0.08168000,0.08168000,158.00000000,1632202199999,12.90544000,1,158.00000000,12.90544000,0
1632202200000,0.08169000,0.08178000,0.08167000,0.08178000,6117.00000000,1632202259999,499.96709000,11,3526.00000000,288.07912000,0
1632202260000,0.08178000,0.08178000,0.08178000,0.08178000,4082.00000000,1632202319999,333.82596000,2,0.00000000,0.00000000,0
1632202320000,0.08186000,0.08188000,0.08170000,0.08170000,20181.00000000,1632202379999,1651.49800000,12,2331.00000000,190.79730000,0
1632202380000,0.08169000,0.08169000,0.08169000,0.08169000,245.00000000,1632202439999,20.01405000,1,245.00000000,20.01405000,0
1632202440000,0.08169000,0.08169000,0.08169000,0.08169000,2267.00000000,1632202499999,185.19123000,4,2267.00000000,185.19123000,0
1632202500000,0.08169000,0.08170000,0.08169000,0.08170000,4913.00000000,1632202559999,401.38699000,4,4913.00000000,401.38699000,0
1632202560000,0.08178000,0.08178000,0.08178000,0.08178000,8860.00000000,1632202619999,724.57080000,6,8860.00000000,724.57080000,0
1632202620000,0.08177000,0.08178000,0.08177000,0.08178000,16431.00000000,1632202679999,1343.58273000,2,16431.00000000,1343.58273000,0
1632202680000,0.08191000,0.08199000,0.08191000,0.08199000,2109.00000000,1632202739999,172.87375000,7,2109.00000000,172.87375000,0
1632202740000,0.08199000,0.08199000,0.08199000,0.08199000,760.00000000,1632202799999,62.31240000,2,760.00000000,62.31240000,0
1632202800000,0.08199000,0.08200000,0.08170000,0.08170000,40112.00000000,1632202859999,3286.92383000,19,30979.00000000,2540.14059000,0
1632202860000,0.08170000,0.08170000,0.08170000,0.08170000,3112.00000000,1632202919999,254.25040000,2,2261.00000000,184.72370000,0
1632202920000,0.08180000,0.08200000,0.08180000,0.08200000,3984.00000000,1632202979999,326.14046000,5,3984.00000000,326.14046000,0
1632202980000,0.08200000,0.08200000,0.08200000,0.08200000,1072.00000000,1632203039999,87.90400000,2,524.00000000,42.96800000,0
1632203040000,0.08199000,0.08199000,0.08174000,0.08174000,2563.00000000,1632203099999,209.94887000,4,1797.00000000,147.33603000,0
1632203100000,0.08203000,0.08218000,0.08203000,0.08218000,4074.00000000,1632203159999,334.43040000,6,4074.00000000,334.43040000,0
1632203160000,0.08218000,0.08237000,0.08211000,0.08215000,11978.00000000,1632203219999,984.81853000,19,6220.00000000,511.84447000,0
1632203220000,0.08215000,0.08215000,0.08210000,0.08210000,5022.00000000,1632203279999,412.51520000,4,4180.00000000,343.38700000,0
1632203280000,0.08221000,0.08234000,0.08221000,0.08233000,2987.00000000,1632203339999,245.86470000,6,2110.00000000,173.65252000,0
1632203340000,0.08233000,0.08233000,0.08210000,0.08210000,12524.00000000,1632203399999,1028.57232000,5,337.00000000,27.74521000,0
1632203400000,0.08218000,0.08220000,0.08204000,0.08204000,4896.00000000,1632203459999,402.36832000,6,4775.00000000,392.44148000,0
1632203460000,0.08205000,0.08209000,0.08135000,0.08209000,232715.00000000,1632203519999,19012.76444000,64,34342.00000000,2812.46526000,0
1632203520000,0.08221000,0.08249000,0.08221000,0.08249000,42464.00000000,1632203579999,3499.89116000,30,42464.00000000,3499.89116000,0
1632203580000,0.08238000,0.08261000,0.08238000,0.08261000,7888.00000000,1632203639999,650.97164000,9,7888.00000000,650.97164000,0
1632203640000,0.08263000,0.08300000,0.08263000,0.08294000,36222.00000000,1632203699999,2996.88499000,38,30887.00000000,2554.69362000,0
1632203700000,0.08303000,0.08303000,0.08280000,0.08280000,6690.00000000,1632203759999,554.11291000,8,181.00000000,15.02843000,0
1632203760000,0.08287000,0.08287000,0.08243000,0.08287000,46218.00000000,1632203819999,3816.72683000,17,9532.00000000,788.70274000,0
1632203820000,0.08284000,0.08287000,0.08255000,0.08287000,55023.00000000,1632203879999,4556.87474000,15,24224.00000000,2006.67576000,0
1632203880000,0.08279000,0.08289000,0.08269000,0.08289000,5859.00000000,1632203939999,485.46906000,10,3608.00000000,299.06297000,0
1632203940000,0.08287000,0.08287000,0.08264000,0.08264000,12079.00000000,1632203999999,998.69905000,13,0.00000000,0.00000000,0
1632204000000,0.08275000,0.08291000,0.08264000,0.08290000,44158.00000000,1632204059999,3655.82000000,22,42777.00000000,3541.69416000,0
1632204060000,0.08290000,0.08290000,0.08290000,0.08290000,0.00000000,1632204119999,0.00000000,0,0.00000000,0.00000000,0
1632204120000,0.08290000,0.08316000,0.08290000,0.08316000,12854.00000000,1632204179999,1068.01444000,15,12854.00000000,1068.01444000,0
1632204180000,0.08314000,0.08314000,0.08278000,0.08300000,87329.00000000,1632204239999,7237.63571000,36,17072.00000000,1415.52827000,0
1632204240000,0.08302000,0.08320000,0.08302000,0.08320000,5777.00000000,1632204299999,480.32111000,8,5777.00000000,480.32111000,0
1632204300000,0.08332000,0.08357000,0.08332000,0.08357000,27615.00000000,1632204359999,2303.79211000,24,19193.00000000,1600.81016000,0
1632204360000,0.08357000,0.08357000,0.08331000,0.08333000,72254.00000000,1632204419999,6030.44232000,11,1831.00000000,152.87135000,0
1632204420000,0.08345000,0.08345000,0.08345000,0.08345000,1258.00000000,1632204479999,104.98010000,1,1258.00000000,104.98010000,0
1632204480000,0.08347000,0.08364000,0.08347000,0.08359000,12861.00000000,1632204539999,1075.03769000,8,12861.00000000,1075.03769000,0
1632204540000,0.08353000,0.08379000,0.08353000,0.08379000,10443.00000000,1632204599999,873.86048000,12,9210.00000000,770.86799000,0
1632204600000,0.08376000,0.08378000,0.08376000,0.08378000,11260.00000000,1632204659999,943.32664000,3,11260.00000000,943.32664000,0
1632204660000,0.08376000,0.08376000,0.08361000,0.08364000,9202.00000000,1632204719999,770.62947000,6,2166.00000000,181.42416000,0
1632204720000,0.08362000,0.08378000,0.08362000,0.08377000,20340.00000000,1632204779999,1702.74214000,8,12298.00000000,1030.11542000,0
1632204780000,0.08377000,0.08378000,0.08350000,0.08350000,18854.00000000,1632204839999,1577.58500000,11,8841.00000000,740.62178000,0
1632204840000,0.08336000,0.08355000,0.08336000,0.08355000,3210.00000000,1632204899999,267.98523000,4,2919.00000000,243.72747000,0
1632204900000,0.08355000,0.08355000,0.08355000,0.08355000,2297.00000000,1632204959999,191.91435000,1,2297.00000000,191.91435000,0
1632204960000,0.08367000,0.08367000,0.08355000,0.08355000,9103.00000000,1632205019999,760.70505000,3,1245.00000000,104.16915000,0
1632205020000,0.08355000,0.08355000,0.08354000,0.08354000,946.00000000,1632205079999,79.03568000,2,262.00000000,21.88748000,0
1632205080000,0.08354000,0.08378000,0.08354000,0.08378000,82052.00000000,1632205139999,6855.73968000,8,82052.00000000,6855.73968000,0
1632205140000,0.08367000,0.08377000,0.08356000,0.08356000,26553.00000000,1632205199999,2221.27477000,10,14869.00000000,1243.97191000,0
1632205200000,0.08374000,0.08377000,0.08374000,0.08377000,1681.00000000,1632205259999,140.78746000,3,1681.00000000,140.78746000,0
1632205260000,0.08357000,0.08357000,0.08357000,0.08357000,980.00000000,1632205319999,81.89860000,1,0.00000000,0.00000000,0
1632205320000,0.08369000,0.08370000,0.08369000,0.08370000,1562.00000000,1632205379999,130.73536000,4,1562.00000000,130.73536000,0
1632205380000,0.08361000,0.08361000,0.08359000,0.08359000,8152.00000000,1632205439999,681.46968000,11,0.00000000,0.00000000,0
1632205440000,0.08373000,0.08375000,0.08364000,0.08364000,52224.00000000,1632205499999,4373.18594000,19,50215.00000000,4204.99404000,0
1632205500000,0.08375000,0.08376000,0.08364000,0.08376000,4272.00000000,1632205559999,357.57879000,5,2039.00000000,170.76945000,0
1632205560000,0.08374000,0.08378000,0.08364000,0.08378000,45834.00000000,1632205619999,3837.14588000,14,25315.00000000,2120.72538000,0
1632205620000,0.08366000,0.08366000,0.08365000,0.08365000,24659.00000000,1632205679999,2062.76223000,15,14216.00000000,1189.16840000,0
1632205680000,0.08374000,0.08394000,0.08374000,0.08394000,7919.00000000,1632205739999,663.88726000,12,7919.00000000,663.88726000,0
1632205740000,0.08395000,0.08441000,0.08395000,0.08441000,148124.00000000,1632205799999,12469.73627000,67,142255.00000000,11976.51549000,0
1632205800000,0.08442000,0.08453000,0.08426000,0.08426000,64657.00000000,1632205859999,5458.98128000,24,16347.00000000,1381.31099000,0
1632205860000,0.08446000,0.08450000,0.08432000,0.08444000,23373.00000000,1632205919999,1973.20965000,11,9357.00000000,790.22521000,0
1632205920000,0.08427000,0.08461000,0.08427000,0.08461000,2503.00000000,1632205979999,211.45061000,5,2141.00000000,180.94487000,0
1632205980000,0.08461000,0.08470000,0.08458000,0.08470000,12627.00000000,1632206039999,1068.41592000,11,7663.00000000,648.53076000,0
1632206040000,0.08474000,0.08480000,0.08462000,0.08470000,20058.00000000,1632206099999,1698.82906000,17,2391.00000000,202.69579000,0
1632206100000,0.08462000,0.08462000,0.08455000,0.08456000,73624.00000000,1632206159999,6229.33391000,21,886.00000000,74.91272000,0
1632206160000,0.08459000,0.08480000,0.08459000,0.08477000,34296.00000000,1632206219999,2903.09929000,11,33992.00000000,2877.32009000,0
1632206220000,0.08472000,0.08494000,0.08472000,0.08494000,6255.00000000,1632206279999,530.52290000,10,6255.00000000,530.52290000,0
1632206280000,0.08493000,0.08505000,0.08493000,0.08500000,42370.00000000,1632206339999,3601.26143000,19,6707.00000000,569.90643000,0
1632206340000,0.08481000,0.08481000,0.08464000,0.08464000,6545.00000000,1632206399999,554.92894000,3,0.00000000,0.00000000,0
1632206400000,0.08480000,0.08499000,0.08480000,0.08499000,7404.00000000,1632206459999,628.74502000,10,5046.00000000,428.78662000,0
1632206460000,0.08499000,0.08499000,0.08475000,0.08475000,6201.00000000,1632206519999,525.63975000,3,125.00000000,10.62375000,0
1632206520000,0.08474000,0.08484000,0.08470000,0.08484000,19591.00000000,1632206579999,1660.85846000,8,18228.00000000,1545.41236000,0
1632206580000,0.08464000,0.08464000,0.08442000,0.08453000,22786.00000000,1632206639999,1926.81341000,16,4845.00000000,409.52570000,0
1632206640000,0.08456000,0.08472000,0.08456000,0.08463000,5302.00000000,1632206699999,448.72058000,4,5302.00000000,448.72058000,0
1632206700000,0.08450000,0.08465000,0.08450000,0.08451000,16398.00000000,1632206759999,1386.89747000,14,10486.00000000,887.27435000,0
1632206760000,0.08437000,0.08437000,0.08412000,0.08415000,20981.00000000,1632206819999,1766.97015000,21,1607.00000000,135.32177000,0
1632206820000,0.08409000,0.08410000,0.08402000,0.08410000,5425.00000000,1632206879999,456.14151000,8,1184.00000000,99.57440000,0
1632206880000,0.08400000,0.08416000,0.08398000,0.08412000,49980.00000000,1632206939999,4200.29362000,22,29320.00000000,2464.80646000,0
1632206940000,0.08424000,0.08424000,0.08424000,0.08424000,1866.00000000,1632206999999,157.19184000,2,1866.00000000,157.19184000,0
1632207000000,0.08430000,0.08439000,0.08410000,0.08410000,26132.00000000,1632207059999,2198.92169000,18,4407.00000000,371.59173000,0
1632207060000,0.08410000,0.08411000,0.08405000,0.08410000,62733.00000000,1632207119999,5273.74054000,12,3859.00000000,324.40745000,0
1632207120000,0.08408000,0.08409000,0.08387000,0.08387000,24725.00000000,1632207179999,2077.34958000,16,4781.00000000,402.02946000,0
1632207180000,0.08393000,0.08398000,0.08387000,0.08387000,31804.00000000,1632207239999,2668.54953000,15,8819.00000000,740.61962000,0
1632207240000,0.08398000,0.08413000,0.08398000,0.08413000,142489.00000000,1632207299999,11969.23112000,21,142489.00000000,11969.23112000,0
1632207300000,0.08423000,0.08423000,0.08407000,0.08407000,3749.00000000,1632207359999,315.21331000,2,218.00000000,18.36214000,0
1632207360000,0.08420000,0.08426000,0.08420000,0.08426000,4839.00000000,1632207419999,407.59331000,5,4839.00000000,407.59331000,0
1632207420000,0.08425000,0.08426000,0.08409000,0.08409000,14375.00000000,1632207479999,1209.77471000,9,11009.00000000,926.66861000,0
1632207480000,0.08419000,0.08420000,0.08419000,0.08420000,16216.00000000,1632207539999,1365.32776000,14,16216.00000000,1365.32776000,0
1632207540000,0.08420000,0.08420000,0.08420000,0.08420000,0.00000000,1632207599999,0.00000000,0,0.00000000,0.00000000,0
1632207600000,0.08435000,0.08461000,0.08435000,0.08461000,15527.00000000,1632207659999,1310.91450000,12,15527.00000000,1310.91450000,0
1632207660000,0.08461000,0.08464000,0.08444000,0.08444000,16967.00000000,1632207719999,1435.05790000,17,13275.00000000,1123.18626000,0
1632207720000,0.08459000,0.08459000,0.08445000,0.08455000,32671.00000000,1632207779999,2762.52143000,15,18739.00000000,1584.40703000,0
1632207780000,0.08453000,0.08454000,0.08436000,0.08436000,39204.00000000,1632207839999,3311.90138000,23,17541.00000000,1482.91134000,0
1632207840000,0.08446000,0.08454000,0.08446000,0.08454000,1416.00000000,1632207899999,119.67100000,5,1416.00000000,119.67100000,0
1632207900000,0.08454000,0.08454000,0.08454000,0.08454000,1185.00000000,1632207959999,100.17990000,1,1185.00000000,100.17990000,0
1632207960000,0.08454000,0.08488000,0.08454000,0.08488000,22092.00000000,1632208019999,1871.75732000,21,22092.00000000,1871.75732000,0
1632208020000,0.08488000,0.08497000,0.08483000,0.08492000,14517.00000000,1632208079999,1233.42450000,7,14347.00000000,1219.00340000,0
1632208080000,0.08492000,0.08492000,0.08485000,0.08485000,236.00000000,1632208139999,20.03937000,2,0.00000000,0.00000000,0
1632208140000,0.08485000,0.08485000,0.08485000,0.08485000,0.00000000,1632208199999,0.00000000,0,0.00000000,0.00000000,0
1632208200000,0.08497000,0.08497000,0.08497000,0.08497000,1206.00000000,1632208259999,102.47382000,2,1206.00000000,102.47382000,0
1632208260000,0.08490000,0.08504000,0.08490000,0.08504000,53717.00000000,1632208319999,4566.32609000,10,52690.00000000,4479.06835000,0
1632208320000,0.08504000,0.08508000,0.08504000,0.08508000,13215.00000000,1632208379999,1124.25106000,8,2875.00000000,244.59398000,0
1632208380000,0.08509000,0.08509000,0.08500000,0.08500000,28815.00000000,1632208439999,2451.63426000,5,3103.00000000,264.03427000,0
1632208440000,0.08508000,0.08508000,0.08508000,0.08508000,10511.00000000,1632208499999,894.27588000,5,10511.00000000,894.27588000,0
1632208500000,0.08500000,0.08505000,0.08470000,0.08471000,130052.00000000,1632208559999,11033.17765000,18,7786.00000000,661.81328000,0
1632208560000,0.08466000,0.08472000,0.08451000,0.08461000,88145.00000000,1632208619999,7464.23962000,19,42606.00000000,3609.25471000,0
1632208620000,0.08471000,0.08471000,0.08454000,0.08471000,58143.00000000,1632208679999,4920.78526000,19,1485.00000000,125.79435000,0
1632208680000,0.08471000,0.08471000,0.08471000,0.08471000,1096.00000000,1632208739999,92.84216000,2,1096.00000000,92.84216000,0
1632208740000,0.08471000,0.08471000,0.08471000,0.08471000,0.00000000,1632208799999,0.00000000,0,0.00000000,0.00000000,0
1632208800000,0.08470000,0.08470000,0.08470000,0.08470000,5506.00000000,1632208859999,466.35820000,7,5506.00000000,466.35820000,0
1632208860000,0.08470000,0.08470000,0.08470000,0.08470000,3542.00000000,1632208919999,300.00740000,2,3542.00000000,300.00740000,0
1632208920000,0.08458000,0.08471000,0.08458000,0.08471000,35524.00000000,1632208979999,3006.53937000,17,27217.00000000,2303.93331000,0
1632208980000,0.08487000,0.08487000,0.08487000,0.08487000,152.00000000,1632209039999,12.90024000,1,152.00000000,12.90024000,0
1632209040000,0.08487000,0.08497000,0.08477000,0.08496000,8482.00000000,1632209099999,719.91238000,8,4937.00000000,419.35473000,0
1632209100000,0.08476000,0.08476000,0.08476000,0.08476000,1769.00000000,1632209159999,149.94044000,1,0.00000000,0.00000000,0
1632209160000,0.08484000,0.08488000,0.08481000,0.08484000,4451.00000000,1632209219999,377.61239000,4,1543.00000000,130.89767000,0
1632209220000,0.08487000,0.08500000,0.08487000,0.08500000,18075.00000000,1632209279999,1534.53937000,14,18075.00000000,1534.53937000,0
1632209280000,0.08501000,0.08509000,0.08501000,0.08504000,9819.00000000,1632209339999,835.15582000,11,3947.00000000,335.80094000,0
1632209340000,0.08508000,0.08513000,0.08508000,0.08513000,33852.00000000,1632209399999,2880.50053000,19,32395.00000000,2756.52440000,0
1632209400000,0.08515000,0.08520000,0.08509000,0.08509000,10906.00000000,1632209459999,928.68252000,8,9727.00000000,828.36141000,0
1632209460000,0.08509000,0.08509000,0.08500000,0.08500000,6735.00000000,1632209519999,572.85955000,5,2747.00000000,233.70297000,0
1632209520000,0.08499000,0.08508000,0.08499000,0.08508000,2306.00000000,1632209579999,196.05084000,5,1455.00000000,123.69882000,0
1632209580000,0.08500000,0.08508000,0.08500000,0.08508000,310.00000000,1632209639999,26.36440000,2,180.00000000,15.31440000,0
1632209640000,0.08508000,0.08509000,0.08508000,0.08509000,2874.00000000,1632209699999,244.54322000,3,2874.00000000,244.54322000,0
1632209700000,0.08509000,0.08509000,0.08484000,0.08484000,3536.00000000,1632209759999,300.34024000,3,1000.00000000,85.09000000,0
1632209760000,0.08484000,0.08484000,0.08453000,0.08453000,20930.00000000,1632209819999,1772.60140000,20,6917.00000000,586.80218000,0
1632209820000,0.08449000,0.08451000,0.08421000,0.08421000,40437.00000000,1632209879999,3409.83834000,27,8462.00000000,713.71432000,0
1632209880000,0.08425000,0.08431000,0.08414000,0.08414000,33028.00000000,1632209939999,2780.03391000,20,9635.00000000,810.83471000,0
1632209940000,0.08414000,0.08436000,0.08414000,0.08436000,2304.00000000,1632209999999,194.11926000,2,2304.00000000,194.11926000,0
1632210000000,0.08436000,0.08440000,0.08421000,0.08421000,3642.00000000,1632210059999,307.24620000,6,3504.00000000,295.62522000,0
1632210060000,0.08421000,0.08450000,0.08415000,0.08450000,41675.00000000,1632210119999,3511.99575000,24,13238.00000000,1116.77664000,0
1632210120000,0.08468000,0.08552000,0.08467000,0.08552000,216517.00000000,1632210179999,18426.73308000,87,209317.00000000,17814.61308000,0
1632210180000,0.08551000,0.08584000,0.08530000,0.08584000,138875.00000000,1632210239999,11890.85137000,39,132686.00000000,11361.91165000,0
1632210240000,0.08584000,0.08599000,0.08569000,0.08571000,13430.00000000,1632210299999,1153.38688000,14,9373.00000000,805.23051000,0
1632210300000,0.08588000,0.08618000,0.08582000,0.08618000,131219.00000000,1632210359999,11299.32308000,42,61155.00000000,5264.36012000,0
1632210360000,0.08603000,0.08625000,0.08600000,0.08625000,28271.00000000,1632210419999,2434.31038000,12,22947.00000000,1976.26588000,0
1632210420000,0.08625000,0.08625000,0.08597000,0.08597000,30828.00000000,1632210479999,2651.63864000,21,3900.00000000,336.21274000,0
1632210480000,0.08586000,0.08595000,0.08586000,0.08595000,5044.00000000,1632210539999,433.49932000,5,4908.00000000,421.82236000,0
1632210540000,0.08603000,0.08606000,0.08603000,0.08603000,7577.00000000,1632210599999,651.96385000,3,3585.00000000,308.41755000,0
1632210600000,0.08613000,0.08625000,0.08609000,0.08609000,10422.00000000,1632210659999,897.84916000,6,7618.00000000,656.24270000,0
1632210660000,0.08609000,0.08609000,0.08609000,0.08609000,174.00000000,1632210719999,14.97966000,1,0.00000000,0.00000000,0
1632210720000,0.08627000,0.08647000,0.08627000,0.08636000,26751.00000000,1632210779999,2310.38372000,43,11080.00000000,956.78470000,0
1632210780000,0.08637000,0.08675000,0.08629000,0.08639000,135422.00000000,1632210839999,11721.03315000,61,25181.00000000,2178.69025000,0
1632210840000,0.08644000,0.08670000,0.08644000,0.08669000,38179.00000000,1632210899999,3303.13379000,16,38179.00000000,3303.13379000,0
1632210900000,0.08675000,0.08697000,0.08672000,0.08681000,69577.00000000,1632210959999,6042.42124000,30,29426.00000000,2555.83583000,0
1632210960000,0.08681000,0.08692000,0.08678000,0.08680000,22061.00000000,1632211019999,1914.88626000,18,9776.00000000,848.62580000,0
1632211020000,0.08676000,0.08714000,0.08664000,0.08701000,36550.00000000,1632211079999,3179.68701000,43,33796.00000000,2940.68702000,0
1632211080000,0.08698000,0.08712000,0.08698000,0.08712000,16479.00000000,1632211139999,1433.68915000,15,16070.00000000,1398.10206000,0
1632211140000,0.08700000,0.08701000,0.08694000,0.08695000,18183.00000000,1632211199999,1581.77951000,8,2177.00000000,189.31181000,0
1632211200000,0.08695000,0.08695000,0.08693000,0.08693000,2021.00000000,1632211259999,175.71445000,5,1671.00000000,145.28195000,0
1632211260000,0.08693000,0.08693000,0.08629000,0.08629000,49198.00000000,1632211319999,4258.97544000,43,9908.00000000,856.53347000,0
1632211320000,0.08629000,0.08686000,0.08609000,0.08686000,213377.00000000,1632211379999,18414.06486000,65,84639.00000000,7310.16720000,0
1632211380000,0.08686000,0.08739000,0.08670000,0.08728000,184199.00000000,1632211439999,16052.89372000,72,148751.00000000,12975.88609000,0
1632211440000,0.08697000,0.08744000,0.08685000,0.08724000,194101.00000000,1632211499999,16897.09896000,50,175305.00000000,15259.55574000,0
1632211500000,0.08716000,0.08740000,0.08693000,0.08701000,77178.00000000,1632211559999,6728.99040000,31,14632.00000000,1275.84397000,0
1632211560000,0.08704000,0.08704000,0.08693000,0.08704000,5264.00000000,1632211619999,457.95592000,11,2830.00000000,246.32320000,0
1632211620000,0.08704000,0.08704000,0.08691000,0.08691000,20425.00000000,1632211679999,1775.42551000,15,1894.00000000,164.83883000,0
1632211680000,0.08736000,0.08760000,0.08736000,0.08740000,45228.00000000,1632211739999,3954.05158000,26,44179.00000000,3862.36898000,0
1632211740000,0.08743000,0.08761000,0.08743000,0.08760000,60566.00000000,1632211799999,5300.75262000,8,60566.00000000,5300.75262000,0
1632211800000,0.08742000,0.08761000,0.08722000,0.08741000,11847.00000000,1632211859999,1036.56400000,16,6157.00000000,539.05930000,0
1632211860000,0.08741000,0.08741000,0.08741000,0.08741000,0.00000000,1632211919999,0.00000000,0,0.00000000,0.00000000,0
1632211920000,0.08742000,0.08743000,0.08686000,0.08714000,86383.00000000,1632211979999,7521.85710000,24,2215.00000000,193.59215000,0
1632211980000,0.08728000,0.08728000,0.08728000,0.08728000,1997.00000000,1632212039999,174.29816000,2,1997.00000000,174.29816000,0
1632212040000,0.08728000,0.08728000,0.08726000,0.08726000,798.00000000,1632212099999,69.64028000,4,798.00000000,69.64028000,0
1632212100000,0.08726000,0.08727000,0.08701000,0.08701000,19274.00000000,1632212159999,1677.24300000,15,297.00000000,25.91805000,0
1632212160000,0.08720000,0.08724000,0.08720000,0.08720000,4784.00000000,1632212219999,417.21821000,6,4784.00000000,417.21821000,0
1632212220000,0.08718000,0.08718000,0.08718000,0.08718000,1146.00000000,1632212279999,99.90828000,2,1146.00000000,99.90828000,0
1632212280000,0.08725000,0.08725000,0.08725000,0.08725000,1454.00000000,1632212339999,126.86150000,3,1454.00000000,126.86150000,0
1632212340000,0.08706000,0.08706000,0.08706000,0.08706000,288.00000000,1632212399999,25.07328000,2,0.00000000,0.00000000,0
1632212400000,0.08706000,0.08735000,0.08706000,0.08734000,3047.00000000,1632212459999,265.95954000,7,2929.00000000,255.68646000,0
1632212460000,0.08736000,0.08736000,0.08706000,0.08706000,4515.00000000,1632212519999,393.78906000,5,192.00000000,16.77312000,0
1632212520000,0.08709000,0.08727000,0.08706000,0.08706000,17105.00000000,1632212579999,1489.81878000,10,4097.00000000,357.05347000,0
1632212580000,0.08718000,0.08720000,0.08718000,0.08720000,16532.00000000,1632212639999,1441.46334000,16,13957.00000000,1216.92334000,0
1632212640000,0.08726000,0.08726000,0.08726000,0.08726000,15257.00000000,1632212699999,1331.32582000,4,15257.00000000,1331.32582000,0
1632212700000,0.08735000,0.08753000,0.08735000,0.08750000,15147.00000000,1632212759999,1324.01658000,10,5147.00000000,449.95942000,0
1632212760000,0.08737000,0.08737000,0.08736000,0.08736000,2386.00000000,1632212819999,208.44703000,2,607.00000000,53.03359000,0
1632212820000,0.08742000,0.08761000,0.08742000,0.08752000,9993.00000000,1632212879999,874.66178000,9,6810.00000000,596.02664000,0
1632212880000,0.08765000,0.08787000,0.08743000,0.08770000,35088.00000000,1632212939999,3077.67234000,41,24380.00000000,2139.64781000,0
1632212940000,0.08767000,0.08782000,0.08767000,0.08782000,9497.00000000,1632212999999,833.32054000,7,8474.00000000,743.60344000,0
1632213000000,0.08745000,0.08751000,0.08745000,0.08751000,1294.00000000,1632213059999,113.16774000,2,0.00000000,0.00000000,0
1632213060000,0.08766000,0.08768000,0.08751000,0.08756000,78354.00000000,1632213119999,6860.13847000,20,22593.00000000,1980.33804000,0
1632213120000,0.08764000,0.08764000,0.08754000,0.08754000,6601.00000000,1632213179999,577.96639000,4,304.00000000,26.64256000,0
1632213180000,0.08762000,0.08762000,0.08754000,0.08754000,2603.00000000,1632213239999,228.03118000,3,0.00000000,0.00000000,0
1632213240000,0.08778000,0.08780000,0.08758000,0.08777000,28969.00000000,1632213299999,2538.52156000,25,7248.00000000,636.11937000,0
1632213300000,0.08777000,0.08779000,0.08770000,0.08770000,4276.00000000,1632213359999,375.22951000,6,159.00000000,13.95861000,0
1632213360000,0.08773000,0.08784000,0.08772000,0.08784000,10811.00000000,1632213419999,948.41451000,21,170.00000000,14.93280000,0
1632213420000,0.08774000,0.08788000,0.08773000,0.08775000,35406.00000000,1632213479999,3106.86635000,13,7984.00000000,700.91131000,0
1632213480000,0.08775000,0.08815000,0.08774000,0.08801000,82352.00000000,1632213539999,7244.47481000,44,68783.00000000,6052.68051000,0
1632213540000,0.08801000,0.08810000,0.08796000,0.08810000,111895.00000000,1632213599999,9849.57621000,50,40479.00000000,3564.98424000,0
1632213600000,0.08810000,0.08812000,0.08800000,0.08800000,22696.00000000,1632213659999,1998.98476000,10,17051.00000000,1502.19843000,0
1632213660000,0.08800000,0.08800000,0.08800000,0.08800000,0.00000000,1632213719999,0.00000000,0,0.00000000,0.00000000,0
1632213720000,0.08801000,0.08825000,0.08800000,0.08825000,88618.00000000,1632213779999,7802.21222000,30,18689.00000000,1648.18347000,0
1632213780000,0.08825000,0.08825000,0.08810000,0.08810000,3748.00000000,1632213839999,330.27375000,4,1488.00000000,131.14575000,0
1632213840000,0.08821000,0.08821000,0.08806000,0.08815000,9300.00000000,1632213899999,819.37810000,8,2980.00000000,262.83378000,0
1632213900000,0.08815000,0.08838000,0.08766000,0.08838000,314794.00000000,1632213959999,27734.07736000,76,46396.00000000,4094.75689000,0
1632213960000,0.08839000,0.08881000,0.08838000,0.08866000,53198.00000000,1632214019999,4714.01192000,44,47049.00000000,4170.41271000,0
1632214020000,0.08858000,0.08858000,0.08782000,0.08811000,184158.00000000,1632214079999,16226.92421000,76,63584.00000000,5604.24970000,0
1632214080000,0.08810000,0.08811000,0.08789000,0.08804000,25718.00000000,1632214139999,2261.27822000,12,23415.00000000,2058.51280000,0
1632214140000,0.08800000,0.08804000,0.08789000,0.08803000,30558.00000000,1632214199999,2689.17820000,22,21920.00000000,1929.64508000,0
1632214200000,0.08783000,0.08802000,0.08783000,0.08799000,42495.00000000,1632214259999,3739.47852000,7,39988.00000000,3519.10695000,0
1632214260000,0.08797000,0.08797000,0.08797000,0.08797000,6023.00000000,1632214319999,529.84331000,2,340.00000000,29.90980000,0
1632214320000,0.08782000,0.08796000,0.08782000,0.08796000,9523.00000000,1632214379999,837.47513000,7,1787.00000000,157.17561000,0
1632214380000,0.08794000,0.08794000,0.08774000,0.08780000,11596.00000000,1632214439999,1018.29105000,9,3212.00000000,282.30396000,0
1632214440000,0.08779000,0.08813000,0.08779000,0.08813000,66528.00000000,1632214499999,5849.62212000,23,64388.00000000,5661.40912000,0
1632214500000,0.08816000,0.08816000,0.08813000,0.08813000,8295.00000000,1632214559999,731.10246000,4,0.00000000,0.00000000,0
1632214560000,0.08804000,0.08804000,0.08801000,0.08801000,1298.00000000,1632214619999,114.26536000,3,946.00000000,83.28584000,0
1632214620000,0.08805000,0.08817000,0.08805000,0.08817000,3813.00000000,1632214679999,335.99205000,3,3813.00000000,335.99205000,0
1632214680000,0.08818000,0.08818000,0.08790000,0.08790000,6798.00000000,1632214739999,599.11115000,6,0.00000000,0.00000000,0
1632214740000,0.08800000,0.08800000,0.08800000,0.08800000,2106.00000000,1632214799999,185.32800000,2,0.00000000,0.00000000,0
1632214800000,0.08800000,0.08826000,0.08800000,0.08800000,1423.00000000,1632214859999,125.41716000,4,1423.00000000,125.41716000,0
1632214860000,0.08800000,0.08800000,0.08726000,0.08726000,40212.00000000,1632214919999,3520.92554000,46,4015.00000000,352.06075000,0
1632214920000,0.08726000,0.08739000,0.08689000,0.08689000,36917.00000000,1632214979999,3212.76240000,37,958.00000000,83.39124000,0
1632214980000,0.08715000,0.08715000,0.08685000,0.08685000,5238.00000000,1632215039999,455.48809000,11,905.00000000,78.87075000,0
1632215040000,0.08710000,0.08710000,0.08686000,0.08706000,1109.00000000,1632215099999,96.38030000,4,240.00000000,20.89896000,0
1632215100000,0.08706000,0.08706000,0.08688000,0.08688000,2401.00000000,1632215159999,208.66412000,3,0.00000000,0.00000000,0
1632215160000,0.08719000,0.08719000,0.08715000,0.08715000,1112.00000000,1632215219999,96.93916000,3,709.00000000,61.81771000,0
1632215220000,0.08710000,0.08715000,0.08694000,0.08694000,12753.00000000,1632215279999,1110.80795000,17,11141.00000000,970.66067000,0
1632215280000,0.08689000,0.08694000,0.08669000,0.08669000,55975.00000000,1632215339999,4861.70613000,35,1528.00000000,132.77923000,0
1632215340000,0.08670000,0.08671000,0.08669000,0.08671000,7298.00000000,1632215399999,632.70125000,5,3617.00000000,313.55773000,0
1632215400000,0.08671000,0.08674000,0.08671000,0.08673000,16837.00000000,1632215459999,1460.16883000,7,11355.00000000,984.74353000,0
1632215460000,0.08673000,0.08674000,0.08673000,0.08674000,21024.00000000,1632215519999,1823.48381000,17,57.00000000,4.94361000,0
1632215520000,0.08683000,0.08683000,0.08683000,0.08683000,2168.00000000,1632215579999,188.24744000,1,2168.00000000,188.24744000,0
1632215580000,0.08683000,0.08724000,0.08683000,0.08724000,6065.00000000,1632215639999,527.97078000,9,5763.00000000,501.74812000,0
1632215640000,0.08716000,0.08756000,0.08716000,0.08734000,86577.00000000,1632215699999,7561.50275000,29,79689.00000000,6960.73455000,0
1632215700000,0.08718000,0.08718000,0.08707000,0.08707000,15635.00000000,1632215759999,1362.09940000,13,6683.00000000,582.08930000,0
1632215760000,0.08716000,0.08733000,0.08686000,0.08716000,22019.00000000,1632215819999,1919.51425000,37,18445.00000000,1608.49033000,0
1632215820000,0.08711000,0.08712000,0.08711000,0.08711000,3342.00000000,1632215879999,291.13076000,3,3342.00000000,291.13076000,0
1632215880000,0.08711000,0.08711000,0.08711000,0.08711000,4228.00000000,1632215939999,368.30108000,3,4228.00000000,368.30108000,0
1632215940000,0.08696000,0.08711000,0.08696000,0.08711000,3304.00000000,1632215999999,287.68082000,5,2330.00000000,202.96630000,0
1632216000000,0.08698000,0.08711000,0.08698000,0.08711000,12344.00000000,1632216059999,1074.51189000,5,6496.00000000,565.80687000,0
1632216060000,0.08710000,0.08729000,0.08710000,0.08716000,209454.00000000,1632216119999,18244.39768000,16,209454.00000000,18244.39768000,0
1632216120000,0.08717000,0.08717000,0.08717000,0.08717000,2953.00000000,1632216179999,257.41301000,2,0.00000000,0.00000000,0
1632216180000,0.08717000,0.08717000,0.08717000,0.08717000,7415.00000000,1632216239999,646.36555000,14,1269.00000000,110.61873000,0
1632216240000,0.08716000,0.08716000,0.08716000,0.08716000,26611.00000000,1632216299999,2319.41476000,6,12147.00000000,1058.73252000,0
1632216300000,0.08715000,0.08715000,0.08710000,0.08710000,31428.00000000,1632216359999,2737.55083000,13,2294.00000000,199.92210000,0
1632216360000,0.08710000,0.08710000,0.08710000,0.08710000,0.00000000,1632216419999,0.00000000,0,0.00000000,0.00000000,0
1632216420000,0.08693000,0.08693000,0.08691000,0.08691000,29855.00000000,1632216479999,2594.79008000,9,18114.00000000,1574.28774000,0
1632216480000,0.08693000,0.08693000,0.08690000,0.08690000,11019.00000000,1632216539999,957.65981000,12,0.00000000,0.00000000,0
1632216540000,0.08693000,0.08720000,0.08693000,0.08720000,11707.00000000,1632216599999,1020.64171000,13,11469.00000000,999.95237000,0
1632216600000,0.08720000,0.08720000,0.08720000,0.08720000,0.00000000,1632216659999,0.00000000,0,0.00000000,0.00000000,0
1632216660000,0.08720000,0.08721000,0.08720000,0.08720000,1797.00000000,1632216719999,156.70046000,3,206.00000000,17.96526000,0
1632216720000,0.08692000,0.08720000,0.08692000,0.08720000,47202.00000000,1632216779999,4108.77405000,21,827.00000000,72.04303000,0
1632216780000,0.08720000,0.08720000,0.08720000,0.08720000,0.00000000,1632216839999,0.00000000,0,0.00000000,0.00000000,0
1632216840000,0.08712000,0.08712000,0.08707000,0.08707000,7392.00000000,1632216899999,643.84759000,5,7392.00000000,643.84759000,0
1632216900000,0.08702000,0.08710000,0.08702000,0.08710000,1377.00000000,1632216959999,119.91745000,3,1377.00000000,119.91745000,0
1632216960000,0.08708000,0.08708000,0.08691000,0.08691000,811.00000000,1632217019999,70.58142000,3,573.00000000,49.89684000,0
1632217020000,0.08691000,0.08691000,0.08632000,0.08632000,148492.00000000,1632217079999,12878.20690000,56,2301.00000000,199.97991000,0
1632217080000,0.08630000,0.08643000,0.08617000,0.08628000,15139.00000000,1632217139999,1306.25905000,17,1403.00000000,121.18031000,0
1632217140000,0.08628000,0.08648000,0.08626000,0.08630000,77827.00000000,1632217199999,6714.62669000,12,73784.00000000,6365.71579000,0
1632217200000,0.08630000,0.08650000,0.08630000,0.08650000,99723.00000000,1632217259999,8606.34065000,12,92900.00000000,8017.51575000,0
1632217260000,0.08650000,0.08650000,0.08650000,0.08650000,1156.00000000,1632217319999,99.99400000,1,1156.00000000,99.99400000,0
1632217320000,0.08630000,0.08648000,0.08616000,0.08648000,22235.00000000,1632217379999,1920.45197000,23,14694.00000000,1269.89784000,0
1632217380000,0.08636000,0.08636000,0.08635000,0.08635000,8281.00000000,1632217439999,715.06845000,4,5690.00000000,491.33150000,0
1632217440000,0.08633000,0.08633000,0.08632000,0.08632000,1784.00000000,1632217499999,154.00111000,2,0.00000000,0.00000000,0
1632217500000,0.08643000,0.08650000,0.08643000,0.08650000,5107.00000000,1632217559999,441.71208000,4,5107.00000000,441.71208000,0
1632217560000,0.08650000,0.08650000,0.08650000,0.08650000,0.00000000,1632217619999,0.00000000,0,0.00000000,0.00000000,0
1632217620000,0.08651000,0.08664000,0.08650000,0.08664000,37530.00000000,1632217679999,3246.52170000,19,24086.00000000,2083.52006000,0
1632217680000,0.08666000,0.08666000,0.08661000,0.08662000,6462.00000000,1632217739999,559.84423000,5,6462.00000000,559.84423000,0
1632217740000,0.08662000,0.08662000,0.08662000,0.08662000,0.00000000,1632217799999,0.00000000,0,0.00000000,0.00000000,0
1632217800000,0.08660000,0.08660000,0.08644000,0.08645000,50995.00000000,1632217859999,4411.83244000,13,4706.00000000,407.24410000,0
1632217860000,0.08644000,0.08644000,0.08639000,0.08639000,11184.00000000,1632217919999,966.43261000,12,11184.00000000,966.43261000,0
1632217920000,0.08639000,0.08639000,0.08612000,0.08612000,31339.00000000,1632217979999,2703.69511000,14,11171.00000000,965.06269000,0
1632217980000,0.08604000,0.08604000,0.08583000,0.08583000,45619.00000000,1632218039999,3922.36862000,38,1652.00000000,141.97862000,0
1632218040000,0.08583000,0.08609000,0.08581000,0.08609000,48462.00000000,1632218099999,4167.74507000,20,45074.00000000,3876.97047000,0
1632218100000,0.08605000,0.08605000,0.08605000,0.08605000,316.00000000,1632218159999,27.19180000,1,316.00000000,27.19180000,0
1632218160000,0.08605000,0.08605000,0.08604000,0.08604000,2896.00000000,1632218219999,249.19580000,2,2896.00000000,249.19580000,0
1632218220000,0.08599000,0.08599000,0.08599000,0.08599000,2336.00000000,1632218279999,200.87264000,1,2336.00000000,200.87264000,0
1632218280000,0.08585000,0.08585000,0.08585000,0.08585000,4628.00000000,1632218339999,397.31380000,2,1777.00000000,152.55545000,0
1632218340000,0.08585000,0.08601000,0.08585000,0.08601000,6486.00000000,1632218399999,557.28710000,6,6486.00000000,557.28710000,0
1632218400000,0.08601000,0.08620000,0.08601000,0.08620000,42073.00000000,1632218459999,3619.92635000,14,41031.00000000,3530.30393000,0
1632218460000,0.08620000,0.08642000,0.08620000,0.08642000,41892.00000000,1632218519999,3613.94811000,13,29572.00000000,2550.14372000,0
1632218520000,0.08642000,0.08642000,0.08633000,0.08633000,3456.00000000,1632218579999,298.50786000,3,1682.00000000,145.35844000,0
1632218580000,0.08633000,0.08633000,0.08633000,0.08633000,0.00000000,1632218639999,0.00000000,0,0.00000000,0.00000000,0
1632218640000,0.08642000,0.08646000,0.08635000,0.08640000,22365.00000000,1632218699999,1932.62431000,6,22365.00000000,1932.62431000,0
1632218700000,0.08634000,0.08643000,0.08611000,0.08611000,12248.00000000,1632218759999,1056.13128000,7,1150.00000000,99.39450000,0
1632218760000,0.08637000,0.08637000,0.08637000,0.08637000,1169.00000000,1632218819999,100.96653000,1,1169.00000000,100.96653000,0
1632218820000,0.08637000,0.08637000,0.08637000,0.08637000,1933.00000000,1632218879999,166.95321000,1,1933.00000000,166.95321000,0
1632218880000,0.08637000,0.08637000,0.08620000,0.08620000,3422.00000000,1632218939999,295.13159000,4,307.00000000,26.51559000,0
1632218940000,0.08611000,0.08611000,0.08595000,0.08595000,24075.00000000,1632218999999,2070.90244000,15,2183.00000000,187.97813000,0
1632219000000,0.08598000,0.08598000,0.08598000,0.08598000,817.00000000,1632219059999,70.24566000,1,817.00000000,70.24566000,0
1632219060000,0.08591000,0.08591000,0.08585000,0.08585000,3324.00000000,1632219119999,285.39204000,4,0.00000000,0.00000000,0
1632219120000,0.08596000,0.08598000,0.08596000,0.08598000,3578.00000000,1632219179999,307.58044000,3,3578.00000000,307.58044000,0
1632219180000,0.08600000,0.08610000,0.08600000,0.08610000,12024.00000000,1632219239999,1035.03472000,13,12024.00000000,1035.03472000,0
1632219240000,0.08601000,0.08601000,0.08601000,0.08601000,29338.00000000,1632219299999,2523.36138000,3,0.00000000,0.00000000,0
1632219300000,0.08601000,0.08601000,0.08601000,0.08601000,0.00000000,1632219359999,0.00000000,0,0.00000000,0.00000000,0
1632219360000,0.08588000,0.08595000,0.08578000,0.08595000,4534.00000000,1632219419999,389.24821000,5,1627.00000000,139.84065000,0
1632219420000,0.08581000,0.08597000,0.08574000,0.08597000,29504.00000000,1632219479999,2532.24510000,25,6981.00000000,600.05637000,0
1632219480000,0.08600000,0.08600000,0.08600000,0.08600000,1160.00000000,1632219539999,99.76000000,1,1160.00000000,99.76000000,0
1632219540000,0.08600000,0.08600000,0.08600000,0.08600000,1690.00000000,1632219599999,145.34000000,1,1690.00000000,145.34000000,0
1632219600000,0.08584000,0.08601000,0.08580000,0.08601000,63511.00000000,1632219659999,5460.21680000,7,62351.00000000,5360.64240000,0
1632219660000,0.08601000,0.08601000,0.08601000,0.08601000,0.00000000,1632219719999,0.00000000,0,0.00000000,0.00000000,0
1632219720000,0.08601000,0.08601000,0.08601000,0.08601000,0.00000000,1632219779999,0.00000000,0,0.00000000,0.00000000,0
1632219780000,0.08605000,0.08628000,0.08580000,0.08613000,89509.00000000,1632219839999,7700.21584000,46,63140.00000000,5435.05383000,0
1632219840000,0.08616000,0.08626000,0.08602000,0.08602000,16782.00000000,1632219899999,1444.57465000,22,4056.00000000,349.17288000,0
1632219900000,0.08587000,0.08587000,0.08587000,0.08587000,1872.00000000,1632219959999,160.74864000,1,0.00000000,0.00000000,0
1632219960000,0.08620000,0.08620000,0.08620000,0.08620000,395.00000000,1632220019999,34.04900000,1,395.00000000,34.04900000,0
1632220020000,0.08607000,0.08608000,0.08606000,0.08608000,2739.00000000,1632220079999,235.74162000,4,2739.00000000,235.74162000,0
1632220080000,0.08602000,0.08602000,0.08602000,0.08602000,910.00000000,1632220139999,78.27820000,2,348.00000000,29.93496000,0
1632220140000,0.08602000,0.08602000,0.08602000,0.08602000,0.00000000,1632220199999,0.00000000,0,0.00000000,0.00000000,0
1632220200000,0.08599000,0.08599000,0.08599000,0.08599000,366.00000000,1632220259999,31.47234000,1,366.00000000,31.47234000,0
1632220260000,0.08599000,0.08599000,0.08546000,0.08546000,242934.00000000,1632220319999,20813.78323000,56,16443.00000000,1408.06938000,0
1632220320000,0.08550000,0.08550000,0.08550000,0.08550000,1333.00000000,1632220379999,113.97150000,1,0.00000000,0.00000000,0
1632220380000,0.08566000,0.08586000,0.08566000,0.08579000,57869.00000000,1632220439999,4961.55631000,34,52539.00000000,4504.24953000,0
1632220440000,0.08596000,0.08596000,0.08579000,0.08579000,43112.00000000,1632220499999,3699.76292000,23,6166.00000000,530.02936000,0
1632220500000,0.08599000,0.08658000,0.08599000,0.08654000,91497.00000000,1632220559999,7892.53254000,36,91497.00000000,7892.53254000,0
1632220560000,0.08658000,0.08698000,0.08658000,0.08692000,157433.00000000,1632220619999,13679.91185000,50,143178.00000000,12440.86725000,0
1632220620000,0.08698000,0.08699000,0.08697000,0.08699000,3106.00000000,1632220679999,270.16166000,7,3106.00000000,270.16166000,0
1632220680000,0.08698000,0.08698000,0.08698000,0.08698000,4278.00000000,1632220739999,372.10044000,2,4278.00000000,372.10044000,0
1632220740000,0.08698000,0.08720000,0.08698000,0.08705000,32852.00000000,1632220799999,2859.94704000,18,32735.00000000,2849.76219000,0
1632220800000,0.08705000,0.08708000,0.08705000,0.08706000,3097.00000000,1632220859999,269.67565000,3,0.00000000,0.00000000,0
1632220860000,0.08705000,0.08705000,0.08666000,0.08673000,8037.00000000,1632220919999,698.60835000,6,2541.00000000,220.39593000,0
1632220920000,0.08673000,0.08681000,0.08673000,0.08674000,30174.00000000,1632220979999,2617.83816000,13,18484.00000000,1603.31886000,0
1632220980000,0.08668000,0.08674000,0.08668000,0.08673000,5054.00000000,1632221039999,438.30030000,5,5054.00000000,438.30030000,0
1632221040000,0.08661000,0.08710000,0.08661000,0.08710000,45908.00000000,1632221099999,3984.76434000,11,44830.00000000,3891.39876000,0
1632221100000,0.08708000,0.08708000,0.08708000,0.08708000,1859.00000000,1632221159999,161.88172000,2,1859.00000000,161.88172000,0
1632221160000,0.08693000,0.08708000,0.08693000,0.08708000,365.00000000,1632221219999,31.76575000,2,0.00000000,0.00000000,0
1632221220000,0.08715000,0.08724000,0.08715000,0.08719000,9788.00000000,1632221279999,853.40570000,11,5805.00000000,506.27357000,0
1632221280000,0.08724000,0.08740000,0.08724000,0.08740000,112411.00000000,1632221339999,9823.79005000,15,107211.00000000,9369.72605000,0
1632221340000,0.08740000,0.08740000,0.08740000,0.08740000,8592.00000000,1632221399999,750.94080000,3,8592.00000000,750.94080000,0
1632221400000,0.08743000,0.08750000,0.08727000,0.08743000,30902.00000000,1632221459999,2699.81777000,18,9297.00000000,813.15052000,0
1632221460000,0.08712000,0.08750000,0.08712000,0.08750000,6117.00000000,1632221519999,535.15896000,5,5999.00000000,524.87880000,0
1632221520000,0.08749000,0.08750000,0.08726000,0.08726000,34073.00000000,1632221579999,2978.97370000,9,20337.00000000,1779.16098000,0
1632221580000,0.08734000,0.08750000,0.08719000,0.08719000,3362.00000000,1632221639999,293.61248000,7,1181.00000000,103.25776000,0
1632221640000,0.08725000,0.08725000,0.08716000,0.08717000,11105.00000000,1632221699999,968.32273000,7,344.00000000,29.98498000,0
1632221700000,0.08703000,0.08758000,0.08698000,0.08758000,7837.00000000,1632221759999,684.65694000,10,7177.00000000,627.23294000,0
1632221760000,0.08751000,0.08760000,0.08712000,0.08757000,15364.00000000,1632221819999,1344.46730000,12,13697.00000000,1199.22293000,0
1632221820000,0.08733000,0.08738000,0.08714000,0.08732000,10977.00000000,1632221879999,958.41819000,10,4681.00000000,409.00742000,0
1632221880000,0.08731000,0.08731000,0.08731000,0.08731000,228.00000000,1632221939999,19.90668000,1,228.00000000,19.90668000,0
1632221940000,0.08732000,0.08747000,0.08731000,0.08747000,24368.00000000,1632221999999,2131.22353000,8,4640.00000000,405.61537000,0
1632222000000,0.08748000,0.08751000,0.08722000,0.08722000,36693.00000000,1632222059999,3209.32596000,14,3323.00000000,290.67850000,0
1632222060000,0.08728000,0.08728000,0.08719000,0.08719000,10321.00000000,1632222119999,900.42441000,12,5111.00000000,446.08808000,0
1632222120000,0.08719000,0.08738000,0.08719000,0.08723000,14142.00000000,1632222179999,1234.48342000,11,6389.00000000,557.73247000,0
1632222180000,0.08724000,0.08724000,0.08704000,0.08704000,9886.00000000,1632222239999,861.51922000,13,0.00000000,0.00000000,0
1632222240000,0.08704000,0.08714000,0.08703000,0.08703000,12388.00000000,1632222299999,1078.30179000,22,1025.00000000,89.31697000,0
1632222300000,0.08703000,0.08703000,0.08686000,0.08699000,61366.00000000,1632222359999,5339.01108000,18,2445.00000000,212.37270000,0
1632222360000,0.08699000,0.08719000,0.08695000,0.08703000,10990.00000000,1632222419999,956.38197000,17,722.00000000,62.94626000,0
1632222420000,0.08701000,0.08718000,0.08694000,0.08699000,23497.00000000,1632222479999,2044.66266000,22,16802.00000000,1462.33877000,0
1632222480000,0.08702000,0.08716000,0.08697000,0.08716000,5995.00000000,1632222539999,521.71966000,8,1000.00000000,87.14719000,0
1632222540000,0.08702000,0.08702000,0.08652000,0.08662000,80080.00000000,1632222599999,6954.68381000,45,25253.00000000,2193.81227000,0
1632222600000,0.08661000,0.08688000,0.08630000,0.08642000,60453.00000000,1632222659999,5223.66964000,26,38593.00000000,3333.45600000,0
1632222660000,0.08642000,0.08650000,0.08642000,0.08646000,7572.00000000,1632222719999,654.68583000,9,1742.00000000,150.68300000,0
1632222720000,0.08646000,0.08651000,0.08643000,0.08643000,8461.00000000,1632222779999,731.52484000,10,1780.00000000,153.98780000,0
1632222780000,0.08643000,0.08651000,0.08643000,0.08651000,7928.00000000,1632222839999,685.54472000,7,865.00000000,74.83115000,0
1632222840000,0.08651000,0.08664000,0.08641000,0.08664000,12354.00000000,1632222899999,1068.67304000,13,6196.00000000,536.23478000,0
1632222900000,0.08646000,0.08664000,0.08638000,0.08641000,7336.00000000,1632222959999,634.52393000,10,3235.00000000,280.09044000,0
1632222960000,0.08660000,0.08664000,0.08639000,0.08664000,6963.00000000,1632223019999,602.60114000,10,1141.00000000,98.81616000,0
1632223020000,0.08664000,0.08664000,0.08659000,0.08659000,9069.00000000,1632223079999,785.36101000,10,0.00000000,0.00000000,0
1632223080000,0.08659000,0.08670000,0.08650000,0.08650000,49148.00000000,1632223139999,4256.34716000,19,22805.00000000,1976.32150000,0
1632223140000,0.08651000,0.08662000,0.08651000,0.08651000,37186.00000000,1632223199999,3219.90122000,15,25551.00000000,2213.18034000,0
1632223200000,0.08662000,0.08680000,0.08657000,0.08661000,45258.00000000,1632223259999,3923.57977000,31,27202.00000000,2358.95675000,0
1632223260000,0.08661000,0.08672000,0.08642000,0.08664000,257043.00000000,1632223319999,22236.79670000,33,220483.00000000,19072.78846000,0
1632223320000,0.08666000,0.08673000,0.08666000,0.08669000,11074.00000000,1632223379999,960.02534000,11,3906.00000000,338.74561000,0
1632223380000,0.08666000,0.08669000,0.08666000,0.08667000,7262.00000000,1632223439999,629.41364000,7,1184.00000000,102.62912000,0
1632223440000,0.08671000,0.08671000,0.08660000,0.08660000,7655.00000000,1632223499999,663.28083000,12,1181.00000000,102.40451000,0
1632223500000,0.08660000,0.08670000,0.08660000,0.08660000,13259.00000000,1632223559999,1148.65331000,9,4208.00000000,364.80860000,0
1632223560000,0.08660000,0.08660000,0.08638000,0.08638000,159777.00000000,1632223619999,13819.92802000,33,1841.00000000,159.06240000,0
1632223620000,0.08651000,0.08663000,0.08640000,0.08642000,15151.00000000,1632223679999,1310.36399000,11,10915.00000000,944.31485000,0
1632223680000,0.08642000,0.08659000,0.08642000,0.08659000,13764.00000000,1632223739999,1189.54438000,4,9121.00000000,788.29632000,0
1632223740000,0.08663000,0.08687000,0.08663000,0.08687000,8782.00000000,1632223799999,760.86434000,13,8782.00000000,760.86434000,0
1632223800000,0.08687000,0.08687000,0.08675000,0.08677000,9369.00000000,1632223859999,812.96763000,3,9369.00000000,812.96763000,0
1632223860000,0.08668000,0.08668000,0.08668000,0.08668000,4007.00000000,1632223919999,347.32676000,2,0.00000000,0.00000000,0
1632223920000,0.08679000,0.08679000,0.08679000,0.08679000,1218.00000000,1632223979999,105.71022000,1,1218.00000000,105.71022000,0
1632223980000,0.08692000,0.08703000,0.08691000,0.08703000,15954.00000000,1632224039999,1387.51541000,15,15954.00000000,1387.51541000,0
1632224040000,0.08715000,0.08718000,0.08713000,0.08717000,47000.00000000,1632224099999,4096.31111000,23,29979.00000000,2612.64609000,0
1632224100000,0.08717000,0.08717000,0.08717000,0.08717000,0.00000000,1632224159999,0.00000000,0,0.00000000,0.00000000,0
1632224160000,0.08716000,0.08716000,0.08704000,0.08709000,18824.00000000,1632224219999,1638.58355000,5,1183.00000000,103.10776000,0
1632224220000,0.08709000,0.08709000,0.08709000,0.08709000,0.00000000,1632224279999,0.00000000,0,0.00000000,0.00000000,0
1632224280000,0.08691000,0.08694000,0.08691000,0.08694000,5802.00000000,1632224339999,504.38143000,9,5802.00000000,504.38143000,0
1632224340000,0.08694000,0.08694000,0.08694000,0.08694000,2380.00000000,1632224399999,206.91720000,1,0.00000000,0.00000000,0
1632224400000,0.08694000,0.08695000,0.08692000,0.08692000,112256.00000000,1632224459999,9760.62453000,12,1627.00000000,141.43298000,0
1632224460000,0.08692000,0.08692000,0.08688000,0.08688000,1928.00000000,1632224519999,167.53050000,5,778.00000000,67.60700000,0
1632224520000,0.08672000,0.08674000,0.08670000,0.08670000,16456.00000000,1632224579999,1426.82806000,8,0.00000000,0.00000000,0
1632224580000,0.08670000,0.08670000,0.08670000,0.08670000,0.00000000,1632224639999,0.00000000,0,0.00000000,0.00000000,0
1632224640000,0.08686000,0.08686000,0.08672000,0.08672000,8565.00000000,1632224699999,743.19692000,11,2800.00000000,243.20800000,0
1632224700000,0.08692000,0.08693000,0.08688000,0.08688000,17843.00000000,1632224759999,1550.54728000,9,7186.00000000,624.62712000,0
1632224760000,0.08696000,0.08709000,0.08696000,0.08709000,20496.00000000,1632224819999,1784.78037000,16,20496.00000000,1784.78037000,0
1632224820000,0.08718000,0.08729000,0.08718000,0.08718000,57108.00000000,1632224879999,4979.90236000,17,12708.00000000,1108.46974000,0
1632224880000,0.08718000,0.08718000,0.08694000,0.08694000,31040.00000000,1632224939999,2702.86524000,17,0.00000000,0.00000000,0
1632224940000,0.08693000,0.08694000,0.08693000,0.08694000,6571.00000000,1632224999999,571.22485000,3,6571.00000000,571.22485000,0
1632225000000,0.08694000,0.08694000,0.08694000,0.08694000,525.00000000,1632225059999,45.64350000,3,311.00000000,27.03834000,0
1632225060000,0.08694000,0.08694000,0.08694000,0.08694000,851.00000000,1632225119999,73.98594000,4,0.00000000,0.00000000,0
1632225120000,0.08696000,0.08696000,0.08696000,0.08696000,622.00000000,1632225179999,54.08912000,1,622.00000000,54.08912000,0
1632225180000,0.08696000,0.08699000,0.08668000,0.08668000,25955.00000000,1632225239999,2253.35261000,21,4429.00000000,385.16360000,0
1632225240000,0.08692000,0.08696000,0.08692000,0.08696000,15007.00000000,1632225299999,1304.91093000,7,13999.00000000,1217.25525000,0
1632225300000,0.08696000,0.08696000,0.08696000,0.08696000,1265.00000000,1632225359999,110.00440000,2,0.00000000,0.00000000,0
1632225360000,0.08692000,0.08703000,0.08673000,0.08703000,81858.00000000,1632225419999,7100.42105000,7,74620.00000000,6472.37400000,0
1632225420000,0.08703000,0.08730000,0.08700000,0.08730000,62486.00000000,1632225479999,5442.71150000,25,59878.00000000,5215.73726000,0
1632225480000,0.08707000,0.08715000,0.08701000,0.08715000,26504.00000000,1632225539999,2307.21554000,6,16860.00000000,1467.74666000,0
1632225540000,0.08714000,0.08714000,0.08714000,0.08714000,1992.00000000,1632225599999,173.58288000,1,1992.00000000,173.58288000,0
1632225600000,0.08714000,0.08714000,0.08714000,0.08714000,500.00000000,1632225659999,43.57000000,1,500.00000000,43.57000000,0
1632225660000,0.08714000,0.08714000,0.08684000,0.08689000,49070.00000000,1632225719999,4266.46708000,13,18879.00000000,1640.72441000,0
1632225720000,0.08691000,0.08699000,0.08681000,0.08681000,61716.00000000,1632225779999,5362.12191000,25,48700.00000000,4231.41670000,0
1632225780000,0.08687000,0.08727000,0.08687000,0.08716000,35407.00000000,1632225839999,3076.46139000,7,35166.00000000,3055.45583000,0
1632225840000,0.08716000,0.08716000,0.08716000,0.08716000,3664.00000000,1632225899999,319.35424000,2,241.00000000,21.00556000,0
1632225900000,0.08715000,0.08752000,0.08715000,0.08752000,41510.00000000,1632225959999,3619.73335000,27,41510.00000000,3619.73335000,0
1632225960000,0.08752000,0.08752000,0.08731000,0.08752000,1095.00000000,1632226019999,95.79240000,3,0.00000000,0.00000000,0
1632226020000,0.08739000,0.08753000,0.08727000,0.08753000,30540.00000000,1632226079999,2668.71653000,18,3427.00000000,299.74543000,0
1632226080000,0.08752000,0.08752000,0.08752000,0.08752000,3218.00000000,1632226139999,281.63936000,5,1114.00000000,97.49728000,0
1632226140000,0.08752000,0.08752000,0.08752000,0.08752000,1354.00000000,1632226199999,118.50208000,2,0.00000000,0.00000000,0
1632226200000,0.08752000,0.08752000,0.08752000,0.08752000,2863.00000000,1632226259999,250.56976000,2,2863.00000000,250.56976000,0
1632226260000,0.08752000,0.08752000,0.08752000,0.08752000,252.00000000,1632226319999,22.05504000,1,252.00000000,22.05504000,0
1632226320000,0.08752000,0.08784000,0.08752000,0.08784000,34032.00000000,1632226379999,2985.98301000,40,33802.00000000,2965.82811000,0
1632226380000,0.08776000,0.08776000,0.08770000,0.08775000,41242.00000000,1632226439999,3617.23911000,7,40359.00000000,3539.75576000,0
1632226440000,0.08771000,0.08782000,0.08748000,0.08748000,8347.00000000,1632226499999,731.78498000,7,728.00000000,63.93296000,0
1632226500000,0.08735000,0.08746000,0.08720000,0.08727000,15882.00000000,1632226559999,1386.86862000,14,1749.00000000,152.96754000,0
1632226560000,0.08721000,0.08721000,0.08601000,0.08647000,138277.00000000,1632226619999,11996.19409000,80,22383.00000000,1933.81984000,0
1632226620000,0.08649000,0.08675000,0.08649000,0.08675000,8365.00000000,1632226679999,724.68667000,12,3402.00000000,295.00992000,0
1632226680000,0.08678000,0.08686000,0.08669000,0.08669000,50056.00000000,1632226739999,4344.86684000,12,2258.00000000,195.99402000,0
1632226740000,0.08637000,0.08692000,0.08637000,0.08692000,141707.00000000,1632226799999,12269.38495000,39,131579.00000000,11393.51700000,0
1632226800000,0.08696000,0.08718000,0.08696000,0.08702000,46252.00000000,1632226859999,4025.22423000,18,41798.00000000,3637.26947000,0
1632226860000,0.08701000,0.08715000,0.08698000,0.08698000,39517.00000000,1632226919999,3439.59841000,14,16316.00000000,1420.19512000,0
1632226920000,0.08673000,0.08677000,0.08667000,0.08677000,50695.00000000,1632226979999,4395.44433000,22,21309.00000000,1847.42031000,0
1632226980000,0.08681000,0.08697000,0.08674000,0.08675000,10462.00000000,1632227039999,908.61637000,12,5304.00000000,461.12048000,0
1632227040000,0.08675000,0.08675000,0.08647000,0.08647000,24225.00000000,1632227099999,2099.25736000,16,4133.00000000,358.35401000,0
1632227100000,0.08658000,0.08678000,0.08658000,0.08675000,8931.00000000,1632227159999,774.33882000,10,8451.00000000,732.77562000,0
1632227160000,0.08675000,0.08675000,0.08664000,0.08671000,6765.00000000,1632227219999,586.57190000,8,4078.00000000,353.72911000,0
1632227220000,0.08675000,0.08686000,0.08656000,0.08686000,6640.00000000,1632227279999,575.31389000,10,4073.00000000,353.09272000,0
1632227280000,0.08686000,0.08686000,0.08667000,0.08673000,4378.00000000,1632227339999,379.69124000,7,1704.00000000,147.91404000,0
1632227340000,0.08671000,0.08673000,0.08671000,0.08672000,26222.00000000,1632227399999,2273.99445000,9,20271.00000000,1757.90211000,0
1632227400000,0.08672000,0.08672000,0.08672000,0.08672000,2835.00000000,1632227459999,245.85120000,1,2835.00000000,245.85120000,0
1632227460000,0.08688000,0.08692000,0.08688000,0.08692000,2794.00000000,1632227519999,242.76228000,4,2794.00000000,242.76228000,0
1632227520000,0.08675000,0.08675000,0.08665000,0.08665000,59473.00000000,1632227579999,5157.95992000,19,1800.00000000,155.97000000,0
1632227580000,0.08665000,0.08665000,0.08665000,0.08665000,0.00000000,1632227639999,0.00000000,0,0.00000000,0.00000000,0
1632227640000,0.08665000,0.08665000,0.08665000,0.08665000,9400.00000000,1632227699999,814.51000000,5,6009.00000000,520.67985000,0
1632227700000,0.08647000,0.08649000,0.08611000,0.08640000,104685.00000000,1632227759999,9036.17788000,50,52902.00000000,4569.40411000,0
1632227760000,0.08640000,0.08643000,0.08640000,0.08642000,1127.00000000,1632227819999,97.39130000,3,860.00000000,74.32250000,0
1632227820000,0.08629000,0.08634000,0.08619000,0.08619000,29725.00000000,1632227879999,2562.37603000,7,29575.00000000,2549.43253000,0
1632227880000,0.08617000,0.08617000,0.08617000,0.08617000,1137.00000000,1632227939999,97.97529000,1,0.00000000,0.00000000,0
1632227940000,0.08620000,0.08620000,0.08612000,0.08612000,4578.00000000,1632227999999,394.36263000,5,0.00000000,0.00000000,0
1632228000000,0.08612000,0.08634000,0.08601000,0.08629000,25393.00000000,1632228059999,2186.75016000,22,8325.00000000,718.08403000,0
1632228060000,0.08605000,0.08605000,0.08603000,0.08603000,2762.00000000,1632228119999,237.64886000,3,0.00000000,0.00000000,0
1632228120000,0.08601000,0.08601000,0.08576000,0.08576000,37705.00000000,1632228179999,3241.25606000,36,2106.00000000,180.88203000,0
1632228180000,0.08579000,0.08582000,0.08579000,0.08581000,47534.00000000,1632228239999,4079.22936000,7,0.00000000,0.00000000,0
1632228240000,0.08613000,0.08613000,0.08609000,0.08612000,3913.00000000,1632228299999,336.94937000,4,3913.00000000,336.94937000,0
1632228300000,0.08593000,0.08593000,0.08593000,0.08593000,1726.00000000,1632228359999,148.31518000,2,0.00000000,0.00000000,0
1632228360000,0.08633000,0.08633000,0.08600000,0.08600000,12189.00000000,1632228419999,1048.56572000,7,7446.00000000,640.62264000,0
1632228420000,0.08633000,0.08644000,0.08618000,0.08618000,5342.00000000,1632228479999,461.36505000,7,4817.00000000,416.12055000,0
1632228480000,0.08644000,0.08674000,0.08644000,0.08647000,19031.00000000,1632228539999,1647.13287000,22,12327.00000000,1067.18640000,0
1632228540000,0.08653000,0.08653000,0.08653000,0.08653000,2171.00000000,1632228599999,187.85663000,1,2171.00000000,187.85663000,0
1632228600000,0.08670000,0.08670000,0.08670000,0.08670000,1403.00000000,1632228659999,121.64010000,2,1403.00000000,121.64010000,0
1632228660000,0.08647000,0.08647000,0.08647000,0.08647000,1040.00000000,1632228719999,89.92880000,1,0.00000000,0.00000000,0
1632228720000,0.08630000,0.08648000,0.08625000,0.08648000,5925.00000000,1632228779999,511.26335000,5,304.00000000,26.28992000,0
1632228780000,0.08628000,0.08648000,0.08628000,0.08648000,8353.00000000,1632228839999,722.16984000,4,0.00000000,0.00000000,0
1632228840000,0.08645000,0.08645000,0.08645000,0.08645000,394.00000000,1632228899999,34.06130000,2,394.00000000,34.06130000,0
1632228900000,0.08644000,0.08644000,0.08644000,0.08644000,578.00000000,1632228959999,49.96232000,1,578.00000000,49.96232000,0
1632228960000,0.08644000,0.08644000,0.08644000,0.08644000,723.00000000,1632229019999,62.49612000,1,723.00000000,62.49612000,0
1632229020000,0.08623000,0.08639000,0.08619000,0.08619000,8292.00000000,1632229079999,715.74032000,12,4630.00000000,399.98570000,0
1632229080000,0.08619000,0.08619000,0.08616000,0.08616000,2186.00000000,1632229139999,188.40438000,2,0.00000000,0.00000000,0
1632229140000,0.08616000,0.08616000,0.08588000,0.08588000,36422.00000000,1632229199999,3132.38229000,36,3827.00000000,329.17308000,0
1632229200000,0.08588000,0.08610000,0.08583000,0.08587000,15365.00000000,1632229259999,1319.75023000,13,6471.00000000,555.90653000,0
1632229260000,0.08594000,0.08594000,0.08594000,0.08594000,278.00000000,1632229319999,23.89132000,1,0.00000000,0.00000000,0
1632229320000,0.08594000,0.08594000,0.08594000,0.08594000,7187.00000000,1632229379999,617.65078000,4,2271.00000000,195.16974000,0
1632229380000,0.08594000,0.08594000,0.08594000,0.08594000,0.00000000,1632229439999,0.00000000,0,0.00000000,0.00000000,0
1632229440000,0.08612000,0.08619000,0.08612000,0.08619000,2322.00000000,1632229499999,199.98808000,3,2322.00000000,199.98808000,0
1632229500000,0.08597000,0.08597000,0.08574000,0.08574000,47139.00000000,1632229559999,4048.20288000,8,14426.00000000,1238.61636000,0
1632229560000,0.08574000,0.08603000,0.08574000,0.08587000,16449.00000000,1632229619999,1413.14996000,24,12677.00000000,1089.50512000,0
1632229620000,0.08587000,0.08587000,0.08573000,0.08580000,10188.00000000,1632229679999,874.28042000,7,2598.00000000,223.09026000,0
1632229680000,0.08579000,0.08579000,0.08532000,0.08539000,87642.00000000,1632229739999,7499.76816000,33,6557.00000000,560.90292000,0
1632229740000,0.08532000,0.08532000,0.08496000,0.08509000,142228.00000000,1632229799999,12095.14288000,62,67412.00000000,5734.50760000,0
1632229800000,0.08511000,0.08514000,0.08496000,0.08497000,10732.00000000,1632229859999,912.46480000,7,5243.00000000,446.08147000,0
1632229860000,0.08509000,0.08554000,0.08509000,0.08519000,146372.00000000,1632229919999,12473.75776000,27,146114.00000000,12451.77874000,0
1632229920000,0.08523000,0.08551000,0.08523000,0.08551000,4852.00000000,1632229979999,413.88969000,5,1038.00000000,88.75938000,0
1632229980000,0.08531000,0.08538000,0.08513000,0.08538000,7769.00000000,1632230039999,662.32772000,7,384.00000000,32.78592000,0
1632230040000,0.08538000,0.08538000,0.08532000,0.08532000,1140.00000000,1632230099999,97.32522000,2,1140.00000000,97.32522000,0
1632230100000,0.08510000,0.08515000,0.08459000,0.08478000,59153.00000000,1632230159999,5016.35372000,60,12894.00000000,1093.30620000,0
1632230160000,0.08482000,0.08499000,0.08454000,0.08454000,65370.00000000,1632230219999,5538.70561000,27,46768.00000000,3964.69053000,0
1632230220000,0.08460000,0.08473000,0.08460000,0.08473000,3381.00000000,1632230279999,286.40098000,4,3186.00000000,269.87863000,0
1632230280000,0.08488000,0.08488000,0.08472000,0.08488000,15722.00000000,1632230339999,1334.33528000,17,15597.00000000,1323.74528000,0
1632230340000,0.08488000,0.08500000,0.08488000,0.08500000,343.00000000,1632230399999,29.13496000,2,343.00000000,29.13496000,0
1632230400000,0.08500000,0.08508000,0.08500000,0.08508000,26444.00000000,1632230459999,2249.10706000,13,19521.00000000,1660.65206000,0
1632230460000,0.08510000,0.08511000,0.08510000,0.08511000,2532.00000000,1632230519999,215.49485000,2,0.00000000,0.00000000,0
1632230520000,0.08511000,0.08511000,0.08511000,0.08511000,3765.00000000,1632230579999,320.43915000,4,0.00000000,0.00000000,0
1632230580000,0.08511000,0.08511000,0.08511000,0.08511000,3177.00000000,1632230639999,270.39447000,1,0.00000000,0.00000000,0
1632230640000,0.08525000,0.08540000,0.08520000,0.08520000,7258.00000000,1632230699999,619.05193000,13,6719.00000000,573.12913000,0
1632230700000,0.08524000,0.08524000,0.08520000,0.08520000,21734.00000000,1632230759999,1851.94317000,13,0.00000000,0.00000000,0
1632230760000,0.08531000,0.08562000,0.08531000,0.08562000,14502.00000000,1632230819999,1241.15269000,20,14326.00000000,1226.13813000,0
1632230820000,0.08562000,0.08570000,0.08558000,0.08570000,45002.00000000,1632230879999,3852.81401000,33,44227.00000000,3786.45851000,0
1632230880000,0.08571000,0.08573000,0.08571000,0.08573000,1868.00000000,1632230939999,160.13126000,4,1868.00000000,160.13126000,0
1632230940000,0.08576000,0.08583000,0.08575000,0.08575000,9388.00000000,1632230999999,805.57391000,8,3546.00000000,304.20613000,0
1632231000000,0.08573000,0.08573000,0.08571000,0.08573000,38837.00000000,1632231059999,3328.84410000,16,233.00000000,19.97509000,0
1632231060000,0.08550000,0.08563000,0.08528000,0.08530000,97080.00000000,1632231119999,8293.42690000,11,365.00000000,31.25495000,0
1632231120000,0.08546000,0.08547000,0.08546000,0.08547000,12866.00000000,1632231179999,1099.61507000,4,6892.00000000,589.01729000,0
1632231180000,0.08547000,0.08547000,0.08547000,0.08547000,0.00000000,1632231239999,0.00000000,0,0.00000000,0.00000000,0
1632231240000,0.08548000,0.08548000,0.08547000,0.08547000,6332.00000000,1632231299999,541.20086000,2,0.00000000,0.00000000,0
1632231300000,0.08531000,0.08531000,0.08531000,0.08531000,173.00000000,1632231359999,14.75863000,1,0.00000000,0.00000000,0
1632231360000,0.08531000,0.08563000,0.08531000,0.08563000,17998.00000000,1632231419999,1539.03411000,15,16171.00000000,1383.17274000,0
1632231420000,0.08534000,0.08565000,0.08534000,0.08565000,2565.00000000,1632231479999,219.07008000,3,558.00000000,47.79270000,0
1632231480000,0.08537000,0.08592000,0.08537000,0.08592000,28145.00000000,1632231539999,2415.45669000,13,27829.00000000,2388.47977000,0
1632231540000,0.08595000,0.08624000,0.08595000,0.08599000,39710.00000000,1632231599999,3420.15176000,34,27923.00000000,2404.99901000,0
1632231600000,0.08593000,0.08632000,0.08589000,0.08623000,37727.00000000,1632231659999,3244.89195000,21,28246.00000000,2428.57938000,0
1632231660000,0.08636000,0.08636000,0.08632000,0.08632000,28607.00000000,1632231719999,2470.03380000,8,939.00000000,81.09204000,0
1632231720000,0.08632000,0.08635000,0.08619000,0.08635000,45918.00000000,1632231779999,3961.60218000,27,27942.00000000,2412.11752000,0
1632231780000,0.08617000,0.08617000,0.08595000,0.08595000,3112.00000000,1632231839999,268.08138000,4,1387.00000000,119.49005000,0
1632231840000,0.08615000,0.08615000,0.08615000,0.08615000,232.00000000,1632231899999,19.98680000,1,232.00000000,19.98680000,0
1632231900000,0.08616000,0.08616000,0.08616000,0.08616000,2000.00000000,1632231959999,172.32000000,1,0.00000000,0.00000000,0
1632231960000,0.08636000,0.08639000,0.08636000,0.08637000,5889.00000000,1632232019999,508.65508000,6,3574.00000000,308.70853000,0
1632232020000,0.08636000,0.08636000,0.08636000,0.08636000,2310.00000000,1632232079999,199.49160000,1,2310.00000000,199.49160000,0
1632232080000,0.08636000,0.08650000,0.08636000,0.08650000,53142.00000000,1632232139999,4591.67142000,14,52998.00000000,4579.22982000,0
1632232140000,0.08650000,0.08650000,0.08650000,0.08650000,173.00000000,1632232199999,14.96450000,1,0.00000000,0.00000000,0
1632232200000,0.08640000,0.08648000,0.08636000,0.08648000,8077.00000000,1632232259999,697.79088000,5,2522.00000000,218.04256000,0
1632232260000,0.08645000,0.08648000,0.08639000,0.08644000,15730.00000000,1632232319999,1359.43188000,8,8151.00000000,704.60136000,0
1632232320000,0.08647000,0.08647000,0.08647000,0.08647000,116.00000000,1632232379999,10.03052000,1,116.00000000,10.03052000,0
1632232380000,0.08625000,0.08625000,0.08606000,0.08606000,16391.00000000,1632232439999,1413.06233000,17,1493.00000000,128.48758000,0
1632232440000,0.08615000,0.08615000,0.08615000,0.08615000,889.00000000,1632232499999,76.58735000,1,0.00000000,0.00000000,0
1632232500000,0.08614000,0.08614000,0.08601000,0.08601000,4798.00000000,1632232559999,412.98886000,4,797.00000000,68.65358000,0
1632232560000,0.08614000,0.08615000,0.08614000,0.08615000,105710.00000000,1632232619999,9106.85840000,16,105710.00000000,9106.85840000,0
1632232620000,0.08627000,0.08627000,0.08588000,0.08588000,9923.00000000,1632232679999,853.51830000,7,270.00000000,23.29290000,0
1632232680000,0.08584000,0.08584000,0.08577000,0.08577000,14962.00000000,1632232739999,1284.07743000,14,0.00000000,0.00000000,0
1632232740000,0.08577000,0.08577000,0.08559000,0.08568000,14097.00000000,1632232799999,1208.32098000,20,1829.00000000,156.76244000,0
1632232800000,0.08568000,0.08568000,0.08568000,0.08568000,2610.00000000,1632232859999,223.62480000,2,0.00000000,0.00000000,0
1632232860000,0.08556000,0.08557000,0.08546000,0.08557000,21855.00000000,1632232919999,1868.74834000,13,39.00000000,3.33723000,0
1632232920000,0.08540000,0.08555000,0.08526000,0.08539000,4391.00000000,1632232979999,374.83075000,8,1516.00000000,129.55024000,0
1632232980000,0.08523000,0.08523000,0.08501000,0.08514000,14024.00000000,1632233039999,1193.95592000,16,1162.00000000,98.93268000,0
1632233040000,0.08519000,0.08520000,0.08477000,0.08502000,81005.00000000,1632233099999,6881.89424000,44,19578.00000000,1661.85225000,0
1632233100000,0.08502000,0.08509000,0.08457000,0.08457000,39720.00000000,1632233159999,3373.92083000,47,21675.00000000,1843.30181000,0
1632233160000,0.08454000,0.08454000,0.08402000,0.08437000,70961.00000000,1632233219999,5979.51357000,57,21485.00000000,1809.57542000,0
1632233220000,0.08436000,0.08436000,0.08436000,0.08436000,1017.00000000,1632233279999,85.79412000,1,1017.00000000,85.79412000,0
1632233280000,0.08434000,0.08435000,0.08433000,0.08433000,6165.00000000,1632233339999,519.91596000,6,5569.00000000,469.64932000,0
1632233340000,0.08418000,0.08418000,0.08355000,0.08355000,51056.00000000,1632233399999,4283.77647000,42,11973.00000000,1004.80651000,0
1632233400000,0.08385000,0.08400000,0.08363000,0.08400000,67257.00000000,1632233459999,5644.97339000,43,65882.00000000,5529.73722000,0
1632233460000,0.08400000,0.08441000,0.08400000,0.08441000,53605.00000000,1632233519999,4513.84251000,17,45605.00000000,3841.64251000,0
1632233520000,0.08413000,0.08440000,0.08413000,0.08439000,56206.00000000,1632233579999,4742.92166000,17,25136.00000000,2120.97836000,0
1632233580000,0.08437000,0.08440000,0.08437000,0.08440000,43966.00000000,1632233639999,3709.84238000,9,28993.00000000,2446.21235000,0
1632233640000,0.08439000,0.08439000,0.08396000,0.08431000,41819.00000000,1632233699999,3520.73728000,25,1350.00000000,113.88430000,0
1632233700000,0.08427000,0.08430000,0.08427000,0.08430000,5194.00000000,1632233759999,437.79420000,9,5194.00000000,437.79420000,0
1632233760000,0.08400000,0.08404000,0.08400000,0.08400000,5555.00000000,1632233819999,466.70000000,5,1555.00000000,130.62000000,0
1632233820000,0.08402000,0.08402000,0.08399000,0.08399000,5000.00000000,1632233879999,420.01000000,7,0.00000000,0.00000000,0
1632233880000,0.08404000,0.08426000,0.08400000,0.08400000,100468.00000000,1632233939999,8441.24477000,28,35984.00000000,3022.68772000,0
1632233940000,0.08409000,0.08409000,0.08408000,0.08409000,3832.00000000,1632233999999,322.23195000,3,0.00000000,0.00000000,0
1632234000000,0.08433000,0.08453000,0.08433000,0.08453000,26242.00000000,1632234059999,2215.43028000,27,26242.00000000,2215.43028000,0
1632234060000,0.08461000,0.08488000,0.08461000,0.08476000,19520.00000000,1632234119999,1653.11225000,21,17320.00000000,1466.64025000,0
1632234120000,0.08492000,0.08496000,0.08476000,0.08476000,37804.00000000,1632234179999,3208.02011000,26,14682.00000000,1246.89421000,0
1632234180000,0.08465000,0.08465000,0.08450000,0.08450000,31472.00000000,1632234239999,2663.84883000,15,1422.00000000,120.33570000,0
1632234240000,0.08454000,0.08463000,0.08442000,0.08455000,20460.00000000,1632234299999,1727.91400000,9,2521.00000000,213.10987000,0
1632234300000,0.08438000,0.08439000,0.08438000,0.08439000,17655.00000000,1632234359999,1489.73696000,4,14649.00000000,1236.08262000,0
1632234360000,0.08439000,0.08441000,0.08439000,0.08441000,18557.00000000,1632234419999,1566.07199000,7,9875.00000000,833.35125000,0
1632234420000,0.08438000,0.08438000,0.08399000,0.08405000,17102.00000000,1632234479999,1439.74344000,24,1855.00000000,155.91275000,0
1632234480000,0.08399000,0.08403000,0.08367000,0.08377000,51154.00000000,1632234539999,4286.87706000,27,4139.00000000,347.39631000,0
1632234540000,0.08365000,0.08365000,0.08365000,0.08365000,1885.00000000,1632234599999,157.68025000,1,0.00000000,0.00000000,0
1632234600000,0.08383000,0.08414000,0.08383000,0.08414000,6933.00000000,1632234659999,581.64711000,5,6933.00000000,581.64711000,0
1632234660000,0.08414000,0.08414000,0.08382000,0.08382000,1441.00000000,1632234719999,120.88446000,3,312.00000000,26.25168000,0
1632234720000,0.08382000,0.08412000,0.08382000,0.08412000,9783.00000000,1632234779999,821.70306000,9,5800.00000000,487.84800000,0
1632234780000,0.08390000,0.08390000,0.08389000,0.08389000,4000.00000000,1632234839999,335.58400000,2,0.00000000,0.00000000,0
1632234840000,0.08408000,0.08413000,0.08390000,0.08391000,15221.00000000,1632234899999,1279.95337000,17,14153.00000000,1190.34317000,0
1632234900000,0.08407000,0.08432000,0.08407000,0.08432000,7655.00000000,1632234959999,644.92203000,8,7655.00000000,644.92203000,0
1632234960000,0.08441000,0.08455000,0.08441000,0.08453000,10973.00000000,1632235019999,927.30577000,16,6434.00000000,543.58410000,0
1632235020000,0.08460000,0.08461000,0.08429000,0.08429000,44060.00000000,1632235079999,3725.84480000,8,12326.00000000,1042.78286000,0
1632235080000,0.08453000,0.08453000,0.08453000,0.08453000,201.00000000,1632235139999,16.99053000,1,201.00000000,16.99053000,0
1632235140000,0.08457000,0.08457000,0.08426000,0.08426000,14495.00000000,1632235199999,1222.31337000,12,0.00000000,0.00000000,0
1632235200000,0.08426000,0.08426000,0.08426000,0.08426000,0.00000000,1632235259999,0.00000000,0,0.00000000,0.00000000,0
1632235260000,0.08409000,0.08420000,0.08400000,0.08420000,5557.00000000,1632235319999,467.03632000,6,2856.00000000,239.92800000,0
1632235320000,0.08420000,0.08420000,0.08420000,0.08420000,0.00000000,1632235379999,0.00000000,0,0.00000000,0.00000000,0
1632235380000,0.08415000,0.08416000,0.08393000,0.08393000,26016.00000000,1632235439999,2187.35152000,26,16985.00000000,1428.94233000,0
1632235440000,0.08412000,0.08412000,0.08412000,0.08412000,946.00000000,1632235499999,79.57752000,1,946.00000000,79.57752000,0
1632235500000,0.08412000,0.08412000,0.08412000,0.08412000,0.00000000,1632235559999,0.00000000,0,0.00000000,0.00000000,0
1632235560000,0.08403000,0.08403000,0.08403000,0.08403000,299.00000000,1632235619999,25.12497000,1,0.00000000,0.00000000,0
1632235620000,0.08402000,0.08406000,0.08402000,0.08406000,6544.00000000,1632235679999,549.96818000,9,6544.00000000,549.96818000,0
1632235680000,0.08393000,0.08393000,0.08378000,0.08378000,9044.00000000,1632235739999,758.33627000,14,738.00000000,61.82964000,0
1632235740000,0.08386000,0.08386000,0.08386000,0.08386000,560.00000000,1632235799999,46.96160000,1,0.00000000,0.00000000,0
1632235800000,0.08379000,0.08379000,0.08369000,0.08372000,60268.00000000,1632235859999,5047.16381000,13,17575.00000000,1471.21412000,0
1632235860000,0.08363000,0.08377000,0.08356000,0.08377000,44241.00000000,1632235919999,3703.42608000,8,26842.00000000,2247.83645000,0
1632235920000,0.08377000,0.08377000,0.08377000,0.08377000,11110.00000000,1632235979999,930.68470000,4,0.00000000,0.00000000,0
1632235980000,0.08382000,0.08383000,0.08331000,0.08349000,105780.00000000,1632236039999,8844.13107000,53,46702.00000000,3909.41825000,0
1632236040000,0.08330000,0.08370000,0.08316000,0.08347000,45319.00000000,1632236099999,3780.08370000,34,27019.00000000,2252.98844000,0
1632236100000,0.08360000,0.08360000,0.08342000,0.08343000,3204.00000000,1632236159999,267.51872000,4,0.00000000,0.00000000,0
1632236160000,0.08348000,0.08379000,0.08346000,0.08378000,13506.00000000,1632236219999,1129.07410000,9,10359.00000000,866.27460000,0
1632236220000,0.08388000,0.08392000,0.08388000,0.08392000,1186.00000000,1632236279999,99.51235000,3,1186.00000000,99.51235000,0
1632236280000,0.08397000,0.08401000,0.08385000,0.08385000,9095.00000000,1632236339999,763.40965000,10,3501.00000000,294.03208000,0
1632236340000,0.08380000,0.08380000,0.08374000,0.08374000,1187.00000000,1632236399999,99.44030000,3,562.00000000,47.09560000,0
1632236400000,0.08374000,0.08387000,0.08374000,0.08387000,378.00000000,1632236459999,31.67218000,2,378.00000000,31.67218000,0
1632236460000,0.08386000,0.08411000,0.08386000,0.08411000,22403.00000000,1632236519999,1880.12514000,20,22403.00000000,1880.12514000,0
1632236520000,0.08415000,0.08420000,0.08400000,0.08400000,8053.00000000,1632236579999,677.03991000,7,2882.00000000,242.26990000,0
1632236580000,0.08393000,0.08393000,0.08393000,0.08393000,142.00000000,1632236639999,11.91806000,1,0.00000000,0.00000000,0
1632236640000,0.08402000,0.08402000,0.08378000,0.08378000,13790.00000000,1632236699999,1157.05987000,6,2212.00000000,185.59525000,0
1632236700000,0.08377000,0.08377000,0.08372000,0.08372000,11976.00000000,1632236759999,1003.02890000,4,0.00000000,0.00000000,0
1632236760000,0.08398000,0.08400000,0.08376000,0.08376000,679.00000000,1632236819999,56.99618000,3,548.00000000,46.02362000,0
1632236820000,0.08404000,0.08406000,0.08404000,0.08405000,7871.00000000,1632236879999,661.57344000,3,7871.00000000,661.57344000,0
1632236880000,0.08391000,0.08406000,0.08391000,0.08406000,1633.00000000,1632236939999,137.22978000,3,1365.00000000,114.74190000,0
1632236940000,0.08404000,0.08470000,0.08392000,0.08437000,66705.00000000,1632236999999,5621.66018000,57,46020.00000000,3884.31366000,0
1632237000000,0.08451000,0.08453000,0.08451000,0.08453000,1540.00000000,1632237059999,130.16000000,3,1000.00000000,84.52460000,0
1632237060000,0.08453000,0.08453000,0.08453000,0.08453000,0.00000000,1632237119999,0.00000000,0,0.00000000,0.00000000,0
1632237120000,0.08453000,0.08455000,0.08453000,0.08455000,6374.00000000,1632237179999,538.80924000,3,751.00000000,63.49705000,0
1632237180000,0.08455000,0.08455000,0.08455000,0.08455000,0.00000000,1632237239999,0.00000000,0,0.00000000,0.00000000,0
1632237240000,0.08437000,0.08444000,0.08436000,0.08444000,60778.00000000,1632237299999,5128.15841000,8,60033.00000000,5065.30276000,0
1632237300000,0.08447000,0.08447000,0.08433000,0.08441000,4033.00000000,1632237359999,340.25094000,6,1521.00000000,128.40834000,0
1632237360000,0.08435000,0.08466000,0.08435000,0.08466000,14043.00000000,1632237419999,1184.82842000,5,1391.00000000,117.61950000,0
1632237420000,0.08464000,0.08464000,0.08464000,0.08464000,2016.00000000,1632237479999,170.63424000,3,2016.00000000,170.63424000,0
1632237480000,0.08440000,0.08455000,0.08437000,0.08455000,9763.00000000,1632237539999,823.96680000,13,763.00000000,64.51165000,0
1632237540000,0.08455000,0.08455000,0.08455000,0.08455000,0.00000000,1632237599999,0.00000000,0,0.00000000,0.00000000,0
1632237600000,0.08455000,0.08455000,0.08455000,0.08455000,20436.00000000,1632237659999,1727.86380000,4,0.00000000,0.00000000,0
1632237660000,0.08455000,0.08455000,0.08455000,0.08455000,0.00000000,1632237719999,0.00000000,0,0.00000000,0.00000000,0
1632237720000,0.08455000,0.08466000,0.08450000,0.08450000,17311.00000000,1632237779999,1464.59639000,8,12758.00000000,1079.72959000,0
1632237780000,0.08450000,0.08450000,0.08450000,0.08450000,0.00000000,1632237839999,0.00000000,0,0.00000000,0.00000000,0
1632237840000,0.08450000,0.08471000,0.08450000,0.08471000,22767.00000000,1632237899999,1927.72733000,10,21051.00000000,1782.72533000,0
1632237900000,0.08474000,0.08488000,0.08474000,0.08488000,12103.00000000,1632237959999,1026.79321000,24,10963.00000000,930.15933000,0
1632237960000,0.08488000,0.08490000,0.08488000,0.08490000,15020.00000000,1632238019999,1275.14756000,7,15020.00000000,1275.14756000,0
1632238020000,0.08481000,0.08481000,0.08470000,0.08476000,6084.00000000,1632238079999,515.71481000,12,2513.00000000,212.85830000,0
1632238080000,0.08480000,0.08480000,0.08464000,0.08468000,25913.00000000,1632238139999,2196.41030000,16,1448.00000000,122.62264000,0
1632238140000,0.08471000,0.08471000,0.08471000,0.08471000,14419.00000000,1632238199999,1221.43349000,8,14419.00000000,1221.43349000,0
1632238200000,0.08471000,0.08471000,0.08471000,0.08471000,0.00000000,1632238259999,0.00000000,0,0.00000000,0.00000000,0
1632238260000,0.08459000,0.08459000,0.08459000,0.08459000,1400.00000000,1632238319999,118.42600000,1,0.00000000,0.00000000,0
1632238320000,0.08458000,0.08458000,0.08435000,0.08435000,11180.00000000,1632238379999,943.32292000,7,0.00000000,0.00000000,0
1632238380000,0.08472000,0.08480000,0.08464000,0.08480000,609250.00000000,1632238439999,51632.84533000,67,603692.00000000,51162.20399000,0
1632238440000,0.08483000,0.08512000,0.08481000,0.08512000,30982.00000000,1632238499999,2631.53172000,23,24049.00000000,2043.41599000,0
1632238500000,0.08512000,0.08550000,0.08494000,0.08526000,31416.00000000,1632238559999,2678.84173000,41,26065.00000000,2223.41023000,0
1632238560000,0.08551000,0.08572000,0.08529000,0.08555000,52297.00000000,1632238619999,4475.65041000,39,41240.00000000,3529.74209000,0
1632238620000,0.08570000,0.08570000,0.08570000,0.08570000,1402.00000000,1632238679999,120.15140000,2,243.00000000,20.82510000,0
1632238680000,0.08571000,0.08572000,0.08571000,0.08571000,12741.00000000,1632238739999,1092.10223000,4,12741.00000000,1092.10223000,0
1632238740000,0.08571000,0.08571000,0.08571000,0.08571000,583.00000000,1632238799999,49.96893000,1,583.00000000,49.96893000,0
1632238800000,0.08542000,0.08560000,0.08540000,0.08554000,36162.00000000,1632238859999,3088.39135000,17,183.00000000,15.66228000,0
1632238860000,0.08527000,0.08527000,0.08449000,0.08468000,42440.00000000,1632238919999,3601.12187000,48,2478.00000000,209.79102000,0
1632238920000,0.08468000,0.08468000,0.08468000,0.08468000,4160.00000000,1632238979999,352.26880000,1,0.00000000,0.00000000,0
1632238980000,0.08468000,0.08468000,0.08468000,0.08468000,1202.00000000,1632239039999,101.78536000,1,1202.00000000,101.78536000,0
1632239040000,0.08471000,0.08486000,0.08468000,0.08468000,12139.00000000,1632239099999,1029.93333000,14,11937.00000000,1012.82797000,0
1632239100000,0.08468000,0.08468000,0.08468000,0.08468000,0.00000000,1632239159999,0.00000000,0,0.00000000,0.00000000,0
1632239160000,0.08497000,0.08497000,0.08496000,0.08496000,2480.00000000,1632239219999,210.70207000,2,2480.00000000,210.70207000,0
1632239220000,0.08494000,0.08497000,0.08484000,0.08484000,93567.00000000,1632239279999,7944.06331000,21,18773.00000000,1594.67971000,0
1632239280000,0.08484000,0.08484000,0.08484000,0.08484000,227.00000000,1632239339999,19.25868000,1,0.00000000,0.00000000,0
1632239340000,0.08484000,0.08484000,0.08484000,0.08484000,0.00000000,1632239399999,0.00000000,0,0.00000000,0.00000000,0
1632239400000,0.08484000,0.08484000,0.08472000,0.08472000,11766.00000000,1632239459999,997.82601000,5,0.00000000,0.00000000,0
1632239460000,0.08475000,0.08504000,0.08453000,0.08504000,115384.00000000,1632239519999,9761.03357000,22,97197.00000000,8221.15373000,0
1632239520000,0.08478000,0.08478000,0.08471000,0.08472000,6911.00000000,1632239579999,585.63671000,3,0.00000000,0.00000000,0
1632239580000,0.08472000,0.08472000,0.08462000,0.08462000,495.00000000,1632239639999,41.92920000,2,0.00000000,0.00000000,0
1632239640000,0.08477000,0.08477000,0.08466000,0.08466000,6049.00000000,1632239699999,512.27224000,4,1490.00000000,126.30730000,0
1632239700000,0.08500000,0.08500000,0.08500000,0.08500000,3301.00000000,1632239759999,280.58500000,1,0.00000000,0.00000000,0
1632239760000,0.08499000,0.08499000,0.08499000,0.08499000,5090.00000000,1632239819999,432.59910000,3,2800.00000000,237.97200000,0
1632239820000,0.08497000,0.08497000,0.08497000,0.08497000,2382.00000000,1632239879999,202.39854000,1,2382.00000000,202.39854000,0
1632239880000,0.08503000,0.08508000,0.08482000,0.08482000,12354.00000000,1632239939999,1050.66790000,9,11756.00000000,999.94554000,0
1632239940000,0.08485000,0.08485000,0.08484000,0.08484000,35628.00000000,1632239999999,3022.73552000,15,24141.00000000,2048.12244000,0
1632240000000,0.08510000,0.08510000,0.08509000,0.08509000,1233.00000000,1632240059999,104.91736000,2,1233.00000000,104.91736000,0
1632240060000,0.08502000,0.08511000,0.08502000,0.08511000,34711.00000000,1632240119999,2954.18607000,6,3378.00000000,287.50158000,0
1632240120000,0.08511000,0.08511000,0.08502000,0.08502000,3066.00000000,1632240179999,260.88912000,4,0.00000000,0.00000000,0
1632240180000,0.08521000,0.08526000,0.08521000,0.08526000,15296.00000000,1632240239999,1303.53417000,9,15296.00000000,1303.53417000,0
1632240240000,0.08526000,0.08537000,0.08526000,0.08537000,6621.00000000,1632240299999,564.83293000,9,3923.00000000,334.77281000,0
1632240300000,0.08537000,0.08562000,0.08537000,0.08562000,5617.00000000,1632240359999,480.35809000,10,5617.00000000,480.35809000,0
1632240360000,0.08545000,0.08558000,0.08545000,0.08558000,822.00000000,1632240419999,70.29476000,2,422.00000000,36.11476000,0
1632240420000,0.08553000,0.08553000,0.08542000,0.08542000,19584.00000000,1632240479999,1673.18091000,18,0.00000000,0.00000000,0
1632240480000,0.08526000,0.08538000,0.08501000,0.08538000,43287.00000000,1632240539999,3685.53496000,15,2600.00000000,221.98800000,0
1632240540000,0.08537000,0.08539000,0.08529000,0.08529000,59809.00000000,1632240599999,5102.48506000,13,10752.00000000,917.75318000,0
1632240600000,0.08510000,0.08510000,0.08505000,0.08505000,39629.00000000,1632240659999,3371.26869000,19,1586.00000000,134.92102000,0
1632240660000,0.08494000,0.08498000,0.08490000,0.08497000,7735.00000000,1632240719999,657.08779000,9,2178.00000000,185.08644000,0
1632240720000,0.08497000,0.08497000,0.08496000,0.08496000,4701.00000000,1632240779999,399.42043000,4,2347.00000000,199.42459000,0
1632240780000,0.08496000,0.08496000,0.08481000,0.08481000,12963.00000000,1632240839999,1099.95863000,4,587.00000000,49.87152000,0
1632240840000,0.08480000,0.08490000,0.08434000,0.08434000,47082.00000000,1632240899999,3982.43056000,61,11399.00000000,967.31619000,0
1632240900000,0.08433000,0.08433000,0.08408000,0.08408000,14720.00000000,1632240959999,1239.42243000,20,1483.00000000,124.95793000,0
1632240960000,0.08402000,0.08413000,0.08399000,0.08401000,30601.00000000,1632241019999,2571.51389000,15,8070.00000000,678.53161000,0
1632241020000,0.08400000,0.08401000,0.08353000,0.08353000,144553.00000000,1632241079999,12117.97357000,61,15166.00000000,1272.94028000,0
1632241080000,0.08367000,0.08367000,0.08353000,0.08353000,1326.00000000,1632241139999,110.90380000,3,1167.00000000,97.62253000,0
1632241140000,0.08353000,0.08362000,0.08342000,0.08362000,71429.00000000,1632241199999,5968.72785000,33,61017.00000000,5099.57550000,0
1632241200000,0.08361000,0.08372000,0.08352000,0.08372000,75247.00000000,1632241259999,6290.25200000,25,69516.00000000,5811.53095000,0
1632241260000,0.08386000,0.08409000,0.08386000,0.08409000,40997.00000000,1632241319999,3441.11708000,24,40997.00000000,3441.11708000,0
1632241320000,0.08394000,0.08438000,0.08394000,0.08438000,33332.00000000,1632241379999,2807.56700000,20,27112.00000000,2284.36019000,0
1632241380000,0.08441000,0.08442000,0.08441000,0.08442000,8285.00000000,1632241439999,699.39430000,5,8285.00000000,699.39430000,0
1632241440000,0.08439000,0.08439000,0.08439000,0.08439000,7057.00000000,1632241499999,595.54023000,3,118.00000000,9.95802000,0
1632241500000,0.08439000,0.08439000,0.08439000,0.08439000,0.00000000,1632241559999,0.00000000,0,0.00000000,0.00000000,0
1632241560000,0.08436000,0.08436000,0.08436000,0.08436000,131.00000000,1632241619999,11.05116000,1,131.00000000,11.05116000,0
1632241620000,0.08436000,0.08436000,0.08416000,0.08435000,2700.00000000,1632241679999,227.47000000,4,1200.00000000,101.23000000,0
1632241680000,0.08435000,0.08464000,0.08431000,0.08464000,95159.00000000,1632241739999,8037.98628000,33,84714.00000000,7157.21441000,0
1632241740000,0.08444000,0.08496000,0.08444000,0.08491000,104719.00000000,1632241799999,8884.09620000,46,61276.00000000,5198.17619000,0
1632241800000,0.08491000,0.08491000,0.08488000,0.08489000,44547.00000000,1632241859999,3782.11459000,5,3306.00000000,280.62334000,0
1632241860000,0.08484000,0.08484000,0.08484000,0.08484000,38.00000000,1632241919999,3.22392000,1,38.00000000,3.22392000,0
1632241920000,0.08484000,0.08484000,0.08484000,0.08484000,0.00000000,1632241979999,0.00000000,0,0.00000000,0.00000000,0
1632241980000,0.08440000,0.08440000,0.08395000,0.08395000,41664.00000000,1632242039999,3502.98752000,28,9245.00000000,777.75118000,0
1632242040000,0.08396000,0.08419000,0.08396000,0.08419000,2505.00000000,1632242099999,210.86145000,3,2355.00000000,198.26745000,0
1632242100000,0.08399000,0.08399000,0.08375000,0.08375000,19806.00000000,1632242159999,1661.66583000,16,0.00000000,0.00000000,0
1632242160000,0.08387000,0.08402000,0.08381000,0.08394000,61269.00000000,1632242219999,5144.56357000,87,6756.00000000,566.87160000,0
1632242220000,0.08397000,0.08397000,0.08397000,0.08397000,331.00000000,1632242279999,27.79407000,1,331.00000000,27.79407000,0
1632242280000,0.08418000,0.08422000,0.08418000,0.08422000,9693.00000000,1632242339999,816.28128000,8,9693.00000000,816.28128000,0
1632242340000,0.08422000,0.08422000,0.08422000,0.08422000,0.00000000,1632242399999,0.00000000,0,0.00000000,0.00000000,0
1632242400000,0.08382000,0.08382000,0.08356000,0.08367000,61526.00000000,1632242459999,5147.59954000,36,34091.00000000,2852.39397000,0
1632242460000,0.08394000,0.08394000,0.08358000,0.08368000,27505.00000000,1632242519999,2304.54715000,27,3114.00000000,261.27416000,0
1632242520000,0.08358000,0.08358000,0.08326000,0.08326000,32720.00000000,1632242579999,2729.40566000,34,0.00000000,0.00000000,0
1632242580000,0.08341000,0.08341000,0.08341000,0.08341000,540.00000000,1632242639999,45.04140000,1,540.00000000,45.04140000,0
1632242640000,0.08341000,0.08341000,0.08341000,0.08341000,974.00000000,1632242699999,81.24134000,1,974.00000000,81.24134000,0
1632242700000,0.08349000,0.08365000,0.08326000,0.08365000,4030.00000000,1632242759999,337.01347000,5,3889.00000000,325.27381000,0
1632242760000,0.08344000,0.08346000,0.08343000,0.08346000,2474.00000000,1632242819999,206.46195000,4,994.00000000,82.95924000,0
1632242820000,0.08365000,0.08365000,0.08365000,0.08365000,1195.00000000,1632242879999,99.96175000,1,1195.00000000,99.96175000,0
1632242880000,0.08365000,0.08395000,0.08365000,0.08388000,92347.00000000,1632242939999,7739.29756000,19,83883.00000000,7029.05654000,0
1632242940000,0.08383000,0.08383000,0.08378000,0.08378000,4461.00000000,1632242999999,373.89008000,2,0.00000000,0.00000000,0
1632243000000,0.08360000,0.08360000,0.08360000,0.08360000,1005.00000000,1632243059999,84.01800000,1,0.00000000,0.00000000,0
1632243060000,0.08377000,0.08378000,0.08377000,0.08378000,5000.00000000,1632243119999,418.85990000,3,5000.00000000,418.85990000,0
1632243120000,0.08351000,0.08357000,0.08335000,0.08338000,8210.00000000,1632243179999,684.72319000,15,1476.00000000,123.05122000,0
1632243180000,0.08331000,0.08347000,0.08320000,0.08347000,12708.00000000,1632243239999,1058.23211000,9,1198.00000000,99.99706000,0
1632243240000,0.08320000,0.08322000,0.08320000,0.08321000,4319.00000000,1632243299999,359.38355000,3,0.00000000,0.00000000,0
1632243300000,0.08326000,0.08326000,0.08291000,0.08291000,57024.00000000,1632243359999,4739.27274000,59,0.00000000,0.00000000,0
1632243360000,0.08291000,0.08291000,0.08291000,0.08291000,2028.00000000,1632243419999,168.14148000,1,2028.00000000,168.14148000,0
1632243420000,0.08290000,0.08290000,0.08254000,0.08265000,125801.00000000,1632243479999,10399.50722000,44,102238.00000000,8449.97070000,0
1632243480000,0.08265000,0.08265000,0.08265000,0.08265000,0.00000000,1632243539999,0.00000000,0,0.00000000,0.00000000,0
1632243540000,0.08283000,0.08303000,0.08283000,0.08303000,10957.00000000,1632243599999,907.85319000,5,10413.00000000,862.79367000,0
1632243600000,0.08307000,0.08307000,0.08307000,0.08307000,362.00000000,1632243659999,30.07134000,1,362.00000000,30.07134000,0
1632243660000,0.08310000,0.08315000,0.08303000,0.08303000,36461.00000000,1632243719999,3028.72143000,11,1506.00000000,125.20147000,0
1632243720000,0.08310000,0.08310000,0.08254000,0.08254000,20215.00000000,1632243779999,1673.19610000,10,0.00000000,0.00000000,0
1632243780000,0.08260000,0.08263000,0.08260000,0.08263000,7589.00000000,1632243839999,626.96507000,3,7589.00000000,626.96507000,0
1632243840000,0.08257000,0.08261000,0.08257000,0.08261000,243.00000000,1632243899999,20.06935000,2,0.00000000,0.00000000,0
1632243900000,0.08263000,0.08298000,0.08251000,0.08251000,5522.00000000,1632243959999,456.13500000,6,44.00000000,3.65112000,0
1632243960000,0.08276000,0.08320000,0.08276000,0.08320000,22535.00000000,1632244019999,1870.77589000,32,16502.00000000,1371.48481000,0
1632244020000,0.08303000,0.08303000,0.08303000,0.08303000,120.00000000,1632244079999,9.96360000,1,0.00000000,0.00000000,0
1632244080000,0.08303000,0.08303000,0.08303000,0.08303000,0.00000000,1632244139999,0.00000000,0,0.00000000,0.00000000,0
1632244140000,0.08329000,0.08329000,0.08303000,0.08325000,1518.00000000,1632244199999,126.33208000,3,1307.00000000,108.81275000,0
1632244200000,0.08325000,0.08325000,0.08325000,0.08325000,1097.00000000,1632244259999,91.32525000,2,1097.00000000,91.32525000,0
1632244260000,0.08305000,0.08305000,0.08294000,0.08294000,5364.00000000,1632244319999,445.16168000,5,0.00000000,0.00000000,0
1632244320000,0.08314000,0.08314000,0.08294000,0.08294000,710.00000000,1632244379999,58.98120000,2,469.00000000,38.99266000,0
1632244380000,0.08294000,0.08294000,0.08274000,0.08289000,21739.00000000,1632244439999,1801.90071000,5,0.00000000,0.00000000,0
1632244440000,0.08295000,0.08295000,0.08293000,0.08294000,4511.00000000,1632244499999,374.13492000,6,4011.00000000,332.66492000,0
1632244500000,0.08291000,0.08294000,0.08290000,0.08290000,26900.00000000,1632244559999,2230.75427000,15,26900.00000000,2230.75427000,0
1632244560000,0.08290000,0.08290000,0.08290000,0.08290000,619.00000000,1632244619999,51.31510000,1,0.00000000,0.00000000,0
1632244620000,0.08290000,0.08304000,0.08274000,0.08304000,19998.00000000,1632244679999,1657.05342000,8,2408.00000000,199.94132000,0
1632244680000,0.08290000,0.08304000,0.08290000,0.08304000,4527.00000000,1632244739999,375.90080000,3,4527.00000000,375.90080000,0
1632244740000,0.08305000,0.08305000,0.08284000,0.08284000,25066.00000000,1632244799999,2080.99662000,5,1118.00000000,92.61512000,0
1632244800000,0.08305000,0.08305000,0.08305000,0.08305000,1204.00000000,1632244859999,99.99220000,1,1204.00000000,99.99220000,0
1632244860000,0.08274000,0.08275000,0.08272000,0.08275000,6666.00000000,1632244919999,551.50477000,6,1809.00000000,149.66118000,0
1632244920000,0.08273000,0.08275000,0.08268000,0.08275000,9393.00000000,1632244979999,777.15025000,5,3848.00000000,318.42200000,0
1632244980000,0.08275000,0.08275000,0.08211000,0.08232000,32930.00000000,1632245039999,2714.51223000,44,5904.00000000,487.80234000,0
1632245040000,0.08209000,0.08242000,0.08050000,0.08119000,695808.00000000,1632245099999,56560.02325000,260,45670.00000000,3719.49425000,0
1632245100000,0.08119000,0.08158000,0.08074000,0.08109000,112778.00000000,1632245159999,9160.57639000,45,30689.00000000,2495.66216000,0
1632245160000,0.08111000,0.08188000,0.08109000,0.08188000,56380.00000000,1632245219999,4597.60967000,54,49179.00000000,4011.87886000,0
1632245220000,0.08190000,0.08239000,0.08190000,0.08231000,274212.00000000,1632245279999,22522.17026000,47,205999.00000000,16927.43264000,0
1632245280000,0.08231000,0.08240000,0.08201000,0.08217000,9889.00000000,1632245339999,813.25111000,9,3791.00000000,312.31584000,0
1632245340000,0.08234000,0.08234000,0.08217000,0.08224000,2345.00000000,1632245399999,192.84192000,3,1981.00000000,162.93204000,0
1632245400000,0.08209000,0.08209000,0.08173000,0.08173000,20407.00000000,1632245459999,1673.67593000,27,588.00000000,48.26892000,0
1632245460000,0.08161000,0.08222000,0.08161000,0.08204000,30802.00000000,1632245519999,2520.42279000,27,27336.00000000,2235.78038000,0
1632245520000,0.08205000,0.08221000,0.08195000,0.08200000,18111.00000000,1632245579999,1486.04184000,11,3927.00000000,322.75758000,0
1632245580000,0.08200000,0.08206000,0.08200000,0.08206000,1218.00000000,1632245639999,99.88915000,3,1161.00000000,95.21173000,0
1632245640000,0.08184000,0.08184000,0.08136000,0.08170000,44293.00000000,1632245699999,3613.52162000,20,4221.00000000,344.12368000,0
1632245700000,0.08140000,0.08163000,0.08100000,0.08151000,37944.00000000,1632245759999,3082.57679000,29,12240.00000000,994.92420000,0
1632245760000,0.08126000,0.08129000,0.08107000,0.08125000,27940.00000000,1632245819999,2267.74831000,15,22752.00000000,1846.84697000,0
1632245820000,0.08125000,0.08133000,0.08103000,0.08106000,20340.00000000,1632245879999,1649.24193000,21,5969.00000000,484.39383000,0
1632245880000,0.08105000,0.08116000,0.08077000,0.08077000,147418.00000000,1632245939999,11943.01244000,40,90790.00000000,7355.22725000,0
1632245940000,0.08105000,0.08105000,0.08077000,0.08096000,7069.00000000,1632245999999,571.15087000,6,6603.00000000,533.50739000,0
1632246000000,0.08095000,0.08107000,0.08095000,0.08096000,38109.00000000,1632246059999,3085.69731000,25,28681.00000000,2322.40643000,0
1632246060000,0.08095000,0.08095000,0.08090000,0.08090000,2686.00000000,1632246119999,217.41930000,2,0.00000000,0.00000000,0
1632246120000,0.08089000,0.08089000,0.08064000,0.08076000,29280.00000000,1632246179999,2365.04506000,12,19627.00000000,1585.84016000,0
1632246180000,0.08065000,0.08065000,0.08050000,0.08050000,50177.00000000,1632246239999,4044.26401000,11,0.00000000,0.00000000,0
1632246240000,0.08072000,0.08089000,0.08072000,0.08088000,30988.00000000,1632246299999,2504.85161000,19,29729.00000000,2403.06851000,0
1632246300000,0.08097000,0.08113000,0.08097000,0.08113000,982.00000000,1632246359999,79.58824000,5,982.00000000,79.58824000,0
1632246360000,0.08112000,0.08112000,0.08084000,0.08084000,3678.00000000,1632246419999,298.20597000,4,3193.00000000,258.99857000,0
1632246420000,0.08108000,0.08110000,0.08095000,0.08107000,40242.00000000,1632246479999,3262.58788000,12,11011.00000000,892.94810000,0
1632246480000,0.08078000,0.08105000,0.08078000,0.08079000,13040.00000000,1632246539999,1053.70297000,11,572.00000000,46.36060000,0
1632246540000,0.08057000,0.08088000,0.08050000,0.08053000,55098.00000000,1632246599999,4437.32779000,10,5855.00000000,473.09516000,0
1632246600000,0.08065000,0.08085000,0.08065000,0.08085000,5686.00000000,1632246659999,459.25790000,2,5686.00000000,459.25790000,0
1632246660000,0.08085000,0.08097000,0.08085000,0.08094000,41605.00000000,1632246719999,3366.30882000,5,19170.00000000,1550.42988000,0
1632246720000,0.08073000,0.08073000,0.08050000,0.08071000,75095.00000000,1632246779999,6049.06823000,16,26022.00000000,2094.77100000,0
1632246780000,0.08073000,0.08073000,0.08038000,0.08058000,21497.00000000,1632246839999,1729.43515000,11,2465.00000000,198.75765000,0
1632246840000,0.08036000,0.08045000,0.08025000,0.08030000,42110.00000000,1632246899999,3381.40299000,13,39728.00000000,3190.09815000,0
1632246900000,0.08030000,0.08073000,0.08030000,0.08073000,6733.00000000,1632246959999,542.01313000,14,4770.00000000,384.26425000,0
1632246960000,0.08073000,0.08073000,0.08052000,0.08052000,6726.00000000,1632247019999,542.90037000,3,0.00000000,0.00000000,0
1632247020000,0.08053000,0.08073000,0.08043000,0.08043000,31542.00000000,1632247079999,2538.70468000,21,6014.00000000,484.90863000,0
1632247080000,0.08070000,0.08070000,0.08070000,0.08070000,457.00000000,1632247139999,36.87990000,2,457.00000000,36.87990000,0
1632247140000,0.08069000,0.08070000,0.08069000,0.08070000,5274.00000000,1632247199999,425.56304000,2,5274.00000000,425.56304000,0
1632247200000,0.08050000,0.08097000,0.08050000,0.08097000,26986.00000000,1632247259999,2179.08582000,13,23781.00000000,1921.08332000,0
1632247260000,0.08105000,0.08118000,0.08101000,0.08101000,26938.00000000,1632247319999,2184.67196000,11,24407.00000000,1979.63565000,0
1632247320000,0.08102000,0.08153000,0.08102000,0.08153000,20054.00000000,1632247379999,1630.19997000,31,13858.00000000,1126.49720000,0
1632247380000,0.08153000,0.08153000,0.08150000,0.08150000,8331.00000000,1632247439999,679.09815000,6,2339.00000000,190.62850000,0
1632247440000,0.08136000,0.08136000,0.08136000,0.08136000,414.00000000,1632247499999,33.68304000,3,41.00000000,3.33576000,0
1632247500000,0.08134000,0.08156000,0.08134000,0.08156000,19704.00000000,1632247559999,1605.46420000,12,19704.00000000,1605.46420000,0
1632247560000,0.08153000,0.08154000,0.08152000,0.08152000,78520.00000000,1632247619999,6401.03830000,12,7062.00000000,575.78214000,0
1632247620000,0.08141000,0.08141000,0.08141000,0.08141000,655.00000000,1632247679999,53.32355000,1,655.00000000,53.32355000,0
1632247680000,0.08138000,0.08150000,0.08138000,0.08150000,19331.00000000,1632247739999,1575.34738000,7,9066.00000000,738.87900000,0
1632247740000,0.08141000,0.08141000,0.08132000,0.08133000,23771.00000000,1632247799999,1934.29159000,17,1825.00000000,148.42473000,0
1632247800000,0.08121000,0.08262000,0.08121000,0.08230000,266043.00000000,1632247859999,21821.65564000,88,221943.00000000,18184.42494000,0
1632247860000,0.08233000,0.08246000,0.08230000,0.08246000,11270.00000000,1632247919999,928.04600000,6,2100.00000000,173.16600000,0
1632247920000,0.08225000,0.08225000,0.08193000,0.08193000,14617.00000000,1632247979999,1200.88113000,15,2100.00000000,172.72500000,0
1632247980000,0.08193000,0.08215000,0.08165000,0.08199000,40572.00000000,1632248039999,3319.97506000,26,8295.00000000,679.15207000,0
1632248040000,0.08198000,0.08200000,0.08161000,0.08178000,48219.00000000,1632248099999,3941.82747000,20,18688.00000000,1527.09393000,0
1632248100000,0.08203000,0.08251000,0.08203000,0.08251000,24141.00000000,1632248159999,1985.00073000,14,24141.00000000,1985.00073000,0
1632248160000,0.08228000,0.08264000,0.08228000,0.08250000,18656.00000000,1632248219999,1540.44863000,11,9699.00000000,800.81587000,0
1632248220000,0.08268000,0.08272000,0.08250000,0.08262000,73835.00000000,1632248279999,6095.93754000,8,49360.00000000,4072.81554000,0
1632248280000,0.08251000,0.08255000,0.08244000,0.08255000,10012.00000000,1632248339999,825.85062000,5,2706.00000000,223.37542000,0
1632248340000,0.08271000,0.08271000,0.08254000,0.08254000,16684.00000000,1632248399999,1379.27285000,8,2100.00000000,173.69100000,0
1632248400000,0.08254000,0.08254000,0.08254000,0.08254000,0.00000000,1632248459999,0.00000000,0,0.00000000,0.00000000,0
1632248460000,0.08264000,0.08264000,0.08254000,0.08256000,3514.00000000,1632248519999,290.06950000,4,613.00000000,50.62096000,0
1632248520000,0.08258000,0.08258000,0.08258000,0.08258000,605.00000000,1632248579999,49.96090000,1,605.00000000,49.96090000,0
1632248580000,0.08233000,0.08248000,0.08223000,0.08248000,2762.00000000,1632248639999,227.30026000,3,524.00000000,43.21952000,0
1632248640000,0.08248000,0.08248000,0.08248000,0.08248000,897.00000000,1632248699999,73.98456000,1,0.00000000,0.00000000,0
1632248700000,0.08224000,0.08224000,0.08198000,0.08209000,28199.00000000,1632248759999,2316.87814000,10,0.00000000,0.00000000,0
1632248760000,0.08204000,0.08204000,0.08193000,0.08193000,128595.00000000,1632248819999,10540.84791000,28,0.00000000,0.00000000,0
1632248820000,0.08216000,0.08216000,0.08216000,0.08216000,147.00000000,1632248879999,12.07752000,1,147.00000000,12.07752000,0
1632248880000,0.08193000,0.08193000,0.08165000,0.08165000,20902.00000000,1632248939999,1708.23807000,16,0.00000000,0.00000000,0
1632248940000,0.08167000,0.08167000,0.08167000,0.08167000,2019.00000000,1632248999999,164.89173000,4,0.00000000,0.00000000,0
1632249000000,0.08167000,0.08186000,0.08157000,0.08186000,60238.00000000,1632249059999,4919.14187000,12,7650.00000000,624.84873000,0
1632249060000,0.08165000,0.08178000,0.08147000,0.08147000,1694.00000000,1632249119999,138.29951000,6,268.00000000,21.91704000,0
1632249120000,0.08146000,0.08146000,0.08132000,0.08144000,12263.00000000,1632249179999,998.39613000,16,6889.00000000,560.85472000,0
1632249180000,0.08144000,0.08147000,0.08144000,0.08147000,3248.00000000,1632249239999,264.59365000,4,3248.00000000,264.59365000,0
1632249240000,0.08144000,0.08144000,0.08130000,0.08134000,10505.00000000,1632249299999,854.76456000,8,1228.00000000,99.94692000,0
1632249300000,0.08150000,0.08150000,0.08130000,0.08130000,134584.00000000,1632249359999,10964.41356000,38,84886.00000000,6915.80415000,0
1632249360000,0.08155000,0.08155000,0.08155000,0.08155000,6862.00000000,1632249419999,559.59610000,1,6862.00000000,559.59610000,0
1632249420000,0.08155000,0.08155000,0.08155000,0.08155000,1296.00000000,1632249479999,105.68880000,2,199.00000000,16.22845000,0
1632249480000,0.08155000,0.08155000,0.08155000,0.08155000,122.00000000,1632249539999,9.94910000,1,122.00000000,9.94910000,0
1632249540000,0.08155000,0.08155000,0.08124000,0.08134000,34054.00000000,1632249599999,2771.19346000,27,1558.00000000,126.95584000,0
1632249600000,0.08139000,0.08155000,0.08139000,0.08149000,674.00000000,1632249659999,54.90234000,3,674.00000000,54.90234000,0
1632249660000,0.08149000,0.08149000,0.08149000,0.08149000,221.00000000,1632249719999,18.00929000,1,221.00000000,18.00929000,0
1632249720000,0.08149000,0.08157000,0.08149000,0.08157000,15147.00000000,1632249779999,1234.94673000,9,15147.00000000,1234.94673000,0
1632249780000,0.08157000,0.08159000,0.08132000,0.08132000,8758.00000000,1632249839999,713.74312000,6,2111.00000000,172.23649000,0
1632249840000,0.08136000,0.08136000,0.08136000,0.08136000,2144.00000000,1632249899999,174.43584000,2,0.00000000,0.00000000,0
1632249900000,0.08136000,0.08136000,0.08121000,0.08121000,27756.00000000,1632249959999,2255.84938000,9,6711.00000000,546.00696000,0
1632249960000,0.08121000,0.08121000,0.08121000,0.08121000,0.00000000,1632250019999,0.00000000,0,0.00000000,0.00000000,0
1632250020000,0.08122000,0.08126000,0.08122000,0.08126000,83309.00000000,1632250079999,6768.07306000,10,78328.00000000,6363.51624000,0
1632250080000,0.08151000,0.08151000,0.08151000,0.08151000,2254.00000000,1632250139999,183.72354000,3,2100.00000000,171.17100000,0
1632250140000,0.08152000,0.08152000,0.08109000,0.08135000,9383.00000000,1632250199999,762.18233000,12,4724.00000000,384.03692000,0
1632250200000,0.08133000,0.08135000,0.08133000,0.08135000,45670.00000000,1632250259999,3715.08740000,7,45670.00000000,3715.08740000,0
1632250260000,0.08148000,0.08198000,0.08148000,0.08197000,38665.00000000,1632250319999,3157.67550000,30,36226.00000000,2957.75067000,0
1632250320000,0.08197000,0.08197000,0.08197000,0.08197000,0.00000000,1632250379999,0.00000000,0,0.00000000,0.00000000,0
1632250380000,0.08165000,0.08168000,0.08158000,0.08165000,23847.00000000,1632250439999,1947.20122000,8,16040.00000000,1309.66600000,0
1632250440000,0.08165000,0.08165000,0.08130000,0.08130000,12646.00000000,1632250499999,1029.88312000,13,2449.00000000,199.96085000,0
1632250500000,0.08146000,0.08146000,0.08146000,0.08146000,4773.00000000,1632250559999,388.80858000,1,0.00000000,0.00000000,0
1632250560000,0.08144000,0.08144000,0.08123000,0.08139000,6363.00000000,1632250619999,517.81088000,3,123.00000000,10.01712000,0
1632250620000,0.08123000,0.08136000,0.08123000,0.08136000,1757.00000000,1632250679999,142.93275000,2,1628.00000000,132.45408000,0
1632250680000,0.08138000,0.08154000,0.08119000,0.08144000,11482.00000000,1632250739999,934.67860000,12,8099.00000000,659.49059000,0
1632250740000,0.08143000,0.08162000,0.08143000,0.08162000,64510.00000000,1632250799999,5257.41774000,19,64510.00000000,5257.41774000,0
1632250800000,0.08162000,0.08162000,0.08162000,0.08162000,0.00000000,1632250859999,0.00000000,0,0.00000000,0.00000000,0
1632250860000,0.08161000,0.08162000,0.08161000,0.08162000,7037.00000000,1632250919999,574.34761000,2,7037.00000000,574.34761000,0
1632250920000,0.08136000,0.08155000,0.08136000,0.08155000,3000.00000000,1632250979999,244.46000000,2,2000.00000000,163.10000000,0
1632250980000,0.08155000,0.08155000,0.08155000,0.08155000,0.00000000,1632251039999,0.00000000,0,0.00000000,0.00000000,0
1632251040000,0.08136000,0.08188000,0.08136000,0.08188000,130199.00000000,1632251099999,10626.13695000,9,129199.00000000,10544.77695000,0
1632251100000,0.08160000,0.08160000,0.08156000,0.08156000,5277.00000000,1632251159999,430.50563000,3,0.00000000,0.00000000,0
1632251160000,0.08185000,0.08185000,0.08152000,0.08168000,4693.00000000,1632251219999,383.33379000,4,635.00000000,51.97475000,0
1632251220000,0.08165000,0.08168000,0.08165000,0.08168000,15286.00000000,1632251279999,1248.40460000,5,12496.00000000,1020.60110000,0
1632251280000,0.08168000,0.08168000,0.08168000,0.08168000,0.00000000,1632251339999,0.00000000,0,0.00000000,0.00000000,0
1632251340000,0.08167000,0.08167000,0.08167000,0.08167000,323.00000000,1632251399999,26.37941000,1,323.00000000,26.37941000,0
1632251400000,0.08150000,0.08150000,0.08130000,0.08130000,13000.00000000,1632251459999,1058.73391000,12,2028.00000000,165.28200000,0
1632251460000,0.08115000,0.08130000,0.08115000,0.08130000,20538.00000000,1632251519999,1667.42751000,15,3182.00000000,258.69660000,0
1632251520000,0.08120000,0.08126000,0.08087000,0.08096000,39594.00000000,1632251579999,3207.53969000,29,2454.00000000,198.91464000,0
1632251580000,0.08112000,0.08112000,0.08030000,0.08053000,50890.00000000,1632251639999,4111.50141000,38,9991.00000000,809.43122000,0
1632251640000,0.08051000,0.08051000,0.08021000,0.08021000,12425.00000000,1632251699999,997.97423000,10,981.00000000,78.98031000,0
1632251700000,0.08021000,0.08060000,0.08018000,0.08057000,18823.00000000,1632251759999,1513.69254000,17,13758.00000000,1107.44685000,0
1632251760000,0.08037000,0.08101000,0.08032000,0.08101000,71201.00000000,1632251819999,5750.01737000,30,56083.00000000,4535.19868000,0
1632251820000,0.08093000,0.08118000,0.08092000,0.08118000,16723.00000000,1632251879999,1354.36226000,14,15304.00000000,1239.42326000,0
1632251880000,0.08111000,0.08111000,0.08087000,0.08087000,4100.00000000,1632251939999,332.45500000,2,0.00000000,0.00000000,0
1632251940000,0.08112000,0.08112000,0.08050000,0.08050000,17421.00000000,1632251999999,1407.22499000,25,2977.00000000,241.01214000,0
1632252000000,0.08065000,0.08090000,0.08049000,0.08090000,40176.00000000,1632252059999,3236.11050000,8,14958.00000000,1204.89180000,0
1632252060000,0.08090000,0.08090000,0.08064000,0.08064000,4638.00000000,1632252119999,374.57598000,3,0.00000000,0.00000000,0
1632252120000,0.08083000,0.08086000,0.08068000,0.08086000,11226.00000000,1632252179999,906.55937000,11,4214.00000000,340.66961000,0
1632252180000,0.08064000,0.08064000,0.08064000,0.08064000,16500.00000000,1632252239999,1330.56000000,4,10565.00000000,851.96160000,0
1632252240000,0.08087000,0.08087000,0.08087000,0.08087000,41.00000000,1632252299999,3.31567000,1,41.00000000,3.31567000,0
1632252300000,0.08087000,0.08087000,0.08087000,0.08087000,0.00000000,1632252359999,0.00000000,0,0.00000000,0.00000000,0
1632252360000,0.08087000,0.08087000,0.08071000,0.08071000,7080.00000000,1632252419999,572.36504000,4,5864.00000000,474.22168000,0
1632252420000,0.08091000,0.08091000,0.08091000,0.08091000,372.00000000,1632252479999,30.09852000,1,372.00000000,30.09852000,0
1632252480000,0.08071000,0.08071000,0.08068000,0.08068000,2537.00000000,1632252539999,204.74090000,2,0.00000000,0.00000000,0
1632252540000,0.08088000,0.08106000,0.08069000,0.08073000,40543.00000000,1632252599999,3276.50194000,24,25327.00000000,2048.21439000,0
1632252600000,0.08073000,0.08073000,0.08073000,0.08073000,755.00000000,1632252659999,60.95115000,1,755.00000000,60.95115000,0
1632252660000,0.08081000,0.08081000,0.08081000,0.08081000,445.00000000,1632252719999,35.96045000,1,445.00000000,35.96045000,0
1632252720000,0.08081000,0.08081000,0.08081000,0.08081000,0.00000000,1632252779999,0.00000000,0,0.00000000,0.00000000,0
1632252780000,0.08098000,0.08098000,0.08098000,0.08098000,2500.00000000,1632252839999,202.45000000,2,2500.00000000,202.45000000,0
1632252840000,0.08112000,0.08177000,0.08112000,0.08160000,155956.00000000,1632252899999,12730.85651000,61,143389.00000000,11703.68544000,0
1632252900000,0.08160000,0.08178000,0.08160000,0.08178000,6446.00000000,1632252959999,526.21356000,2,1222.00000000,99.93516000,0
1632252960000,0.08143000,0.08143000,0.08118000,0.08118000,5229.00000000,1632253019999,425.67087000,5,0.00000000,0.00000000,0
1632253020000,0.08131000,0.08131000,0.08131000,0.08131000,6197.00000000,1632253079999,503.87807000,2,2266.00000000,184.24846000,0
1632253080000,0.08131000,0.08131000,0.08131000,0.08131000,0.00000000,1632253139999,0.00000000,0,0.00000000,0.00000000,0
1632253140000,0.08163000,0.08163000,0.08136000,0.08136000,741.00000000,1632253199999,60.32394000,2,134.00000000,10.93842000,0
1632253200000,0.08140000,0.08140000,0.08136000,0.08136000,7660.00000000,1632253259999,623.31960000,3,0.00000000,0.00000000,0
1632253260000,0.08136000,0.08136000,0.08136000,0.08136000,2390.00000000,1632253319999,194.45040000,1,2390.00000000,194.45040000,0
1632253320000,0.08158000,0.08160000,0.08158000,0.08160000,3777.00000000,1632253379999,308.15520000,2,3777.00000000,308.15520000,0
1632253380000,0.08134000,0.08165000,0.08134000,0.08148000,2789.00000000,1632253439999,226.93246000,3,122.00000000,9.96130000,0
1632253440000,0.08148000,0.08148000,0.08148000,0.08148000,1591.00000000,1632253499999,129.63468000,1,0.00000000,0.00000000,0
1632253500000,0.08148000,0.08148000,0.08148000,0.08148000,0.00000000,1632253559999,0.00000000,0,0.00000000,0.00000000,0
1632253560000,0.08134000,0.08134000,0.08131000,0.08131000,7118.00000000,1632253619999,578.82071000,2,0.00000000,0.00000000,0
1632253620000,0.08113000,0.08113000,0.08110000,0.08110000,6085.00000000,1632253679999,493.49926000,4,0.00000000,0.00000000,0
1632253680000,0.08110000,0.08110000,0.08108000,0.08108000,1551.00000000,1632253739999,125.76910000,4,0.00000000,0.00000000,0
1632253740000,0.08110000,0.08110000,0.08095000,0.08095000,6248.00000000,1632253799999,506.07352000,7,0.00000000,0.00000000,0
1632253800000,0.08087000,0.08087000,0.08040000,0.08049000,26794.00000000,1632253859999,2160.07904000,28,0.00000000,0.00000000,0
1632253860000,0.08050000,0.08058000,0.08033000,0.08058000,85423.00000000,1632253919999,6867.85764000,11,11544.00000000,928.17279000,0
1632253920000,0.08044000,0.08051000,0.08028000,0.08051000,45859.00000000,1632253979999,3689.38519000,29,32368.00000000,2605.76551000,0
1632253980000,0.08051000,0.08062000,0.08045000,0.08045000,2138.00000000,1632254039999,172.05392000,5,254.00000000,20.47748000,0
1632254040000,0.08056000,0.08062000,0.08056000,0.08062000,14019.00000000,1632254099999,1129.98704000,5,14019.00000000,1129.98704000,0
1632254100000,0.08053000,0.08082000,0.08053000,0.08079000,6568.00000000,1632254159999,530.44816000,8,2886.00000000,233.14942000,0
1632254160000,0.08079000,0.08079000,0.08079000,0.08079000,0.00000000,1632254219999,0.00000000,0,0.00000000,0.00000000,0
1632254220000,0.08055000,0.08079000,0.08055000,0.08079000,1874.00000000,1632254279999,151.30446000,3,1474.00000000,119.08446000,0
1632254280000,0.08055000,0.08079000,0.08055000,0.08079000,662.00000000,1632254339999,53.36658000,2,177.00000000,14.29983000,0
1632254340000,0.08079000,0.08079000,0.08051000,0.08051000,5011.00000000,1632254399999,404.14143000,3,0.00000000,0.00000000,0
1632254400000,0.08047000,0.08047000,0.08024000,0.08024000,2987.00000000,1632254459999,240.05230000,4,1242.00000000,99.94374000,0
1632254460000,0.08024000,0.08024000,0.08021000,0.08024000,12618.00000000,1632254519999,1012.40005000,12,4835.00000000,387.96040000,0
1632254520000,0.08017000,0.08049000,0.07994000,0.08049000,177371.00000000,1632254579999,14198.47407000,65,28704.00000000,2298.69193000,0
1632254580000,0.08043000,0.08099000,0.08028000,0.08099000,39979.00000000,1632254639999,3218.55158000,27,38982.00000000,3138.51242000,0
1632254640000,0.08099000,0.08101000,0.08098000,0.08099000,2720.00000000,1632254699999,220.28831000,4,1486.00000000,120.34665000,0
1632254700000,0.08099000,0.08099000,0.08099000,0.08099000,185.00000000,1632254759999,14.98315000,1,185.00000000,14.98315000,0
1632254760000,0.08099000,0.08099000,0.08099000,0.08099000,0.00000000,1632254819999,0.00000000,0,0.00000000,0.00000000,0
1632254820000,0.08097000,0.08099000,0.08097000,0.08099000,246.00000000,1632254879999,19.92036000,2,159.00000000,12.87423000,0
1632254880000,0.08071000,0.08071000,0.08071000,0.08071000,559.00000000,1632254939999,45.11689000,1,0.00000000,0.00000000,0
1632254940000,0.08071000,0.08071000,0.08071000,0.08071000,0.00000000,1632254999999,0.00000000,0,0.00000000,0.00000000,0
1632255000000,0.08051000,0.08051000,0.08041000,0.08041000,1210.00000000,1632255059999,97.39546000,4,0.00000000,0.00000000,0
1632255060000,0.08033000,0.08033000,0.07973000,0.08004000,50470.00000000,1632255119999,4036.13888000,37,8310.00000000,664.74426000,0
1632255120000,0.08000000,0.08004000,0.07950000,0.07951000,42112.00000000,1632255179999,3355.02733000,22,3437.00000000,274.42435000,0
1632255180000,0.07951000,0.07980000,0.07934000,0.07961000,32016.00000000,1632255239999,2543.59394000,28,5965.00000000,474.51850000,0
1632255240000,0.07940000,0.07961000,0.07925000,0.07961000,35828.00000000,1632255299999,2842.71062000,23,27508.00000000,2182.84145000,0
1632255300000,0.07961000,0.07961000,0.07934000,0.07934000,2525.00000000,1632255359999,200.36725000,3,125.00000000,9.95125000,0
1632255360000,0.07930000,0.07930000,0.07905000,0.07926000,44070.00000000,1632255419999,3492.59460000,14,35390.00000000,2805.16164000,0
1632255420000,0.07925000,0.07926000,0.07924000,0.07926000,41805.00000000,1632255479999,3312.72418000,6,34606.00000000,2742.17944000,0
1632255480000,0.07932000,0.07952000,0.07931000,0.07952000,17684.00000000,1632255539999,1405.18508000,4,14329.00000000,1139.07603000,0
1632255540000,0.07965000,0.07965000,0.07962000,0.07962000,3192.00000000,1632255599999,254.17080000,3,2441.00000000,194.35365000,0
1632255600000,0.07944000,0.08012000,0.07944000,0.07990000,74393.00000000,1632255659999,5951.18084000,26,72875.00000000,5830.25666000,0
1632255660000,0.07994000,0.07994000,0.07990000,0.07990000,13243.00000000,1632255719999,1058.27416000,12,0.00000000,0.00000000,0
1632255720000,0.07990000,0.07990000,0.07959000,0.07959000,106038.00000000,1632255779999,8469.86530000,14,2700.00000000,215.32500000,0
1632255780000,0.07952000,0.07992000,0.07952000,0.07990000,4214.00000000,1632255839999,335.55200000,9,3477.00000000,276.86944000,0
1632255840000,0.07990000,0.07990000,0.07969000,0.07969000,74357.00000000,1632255899999,5927.47385000,24,4393.00000000,350.62060000,0
1632255900000,0.07969000,0.07971000,0.07969000,0.07971000,696.00000000,1632255959999,55.47540000,2,558.00000000,44.47818000,0
1632255960000,0.07959000,0.07959000,0.07938000,0.07938000,7173.00000000,1632256019999,570.39339000,10,4088.00000000,325.09873000,0
1632256020000,0.07945000,0.07945000,0.07912000,0.07912000,3806.00000000,1632256079999,301.69344000,6,320.00000000,25.42400000,0
1632256080000,0.07912000,0.07912000,0.07912000,0.07912000,0.00000000,1632256139999,0.00000000,0,0.00000000,0.00000000,0
1632256140000,0.07923000,0.07923000,0.07910000,0.07910000,12343.00000000,1632256199999,977.17104000,14,1080.00000000,85.47120000,0
1632256200000,0.07902000,0.07931000,0.07890000,0.07931000,51257.00000000,1632256259999,4052.36942000,33,20674.00000000,1635.41471000,0
1632256260000,0.07903000,0.07903000,0.07903000,0.07903000,1347.00000000,1632256319999,106.45341000,1,0.00000000,0.00000000,0
1632256320000,0.07903000,0.07903000,0.07881000,0.07881000,13562.00000000,1632256379999,1070.30235000,12,0.00000000,0.00000000,0
1632256380000,0.07880000,0.07888000,0.07858000,0.07870000,85382.00000000,1632256439999,6722.84516000,25,19128.00000000,1505.74463000,0
1632256440000,0.07869000,0.07870000,0.07858000,0.07858000,10233.00000000,1632256499999,804.59869000,9,4291.00000000,337.67379000,0
1632256500000,0.07850000,0.07866000,0.07844000,0.07866000,22914.00000000,1632256559999,1797.83334000,15,2485.00000000,195.02280000,0
1632256560000,0.07864000,0.07864000,0.07832000,0.07837000,21473.00000000,1632256619999,1685.00931000,16,6164.00000000,484.31906000,0
1632256620000,0.07846000,0.07847000,0.07846000,0.07847000,4359.00000000,1632256679999,342.03505000,2,4359.00000000,342.03505000,0
1632256680000,0.07827000,0.07846000,0.07826000,0.07846000,26628.00000000,1632256739999,2086.67418000,10,18177.00000000,1425.25509000,0
1632256740000,0.07827000,0.07842000,0.07827000,0.07830000,11201.00000000,1632256799999,876.81372000,6,318.00000000,24.93756000,0
1632256800000,0.07844000,0.07853000,0.07834000,0.07853000,39884.00000000,1632256859999,3129.18223000,17,38849.00000000,3048.10033000,0
1632256860000,0.07849000,0.07849000,0.07834000,0.07834000,34337.00000000,1632256919999,2690.17431000,18,12692.00000000,994.44128000,0
1632256920000,0.07833000,0.07833000,0.07567000,0.07712000,743561.00000000,1632256979999,57241.71537600,326,67823.00000000,5239.77110000,0
1632256980000,0.07713000,0.07721000,0.07690000,0.07701000,20680.00000000,1632257039999,1593.11304000,23,15108.00000000,1163.88390000,0
1632257040000,0.07701000,0.07721000,0.07691000,0.07721000,10322.00000000,1632257099999,795.38830000,7,9436.00000000,727.24604000,0
1632257100000,0.07730000,0.07801000,0.07730000,0.07801000,351978.00000000,1632257159999,27323.55548000,79,334099.00000000,25932.72730000,0
1632257160000,0.07809000,0.07813000,0.07742000,0.07742000,115099.00000000,1632257219999,8941.14723000,15,2377.00000000,185.10505000,0
1632257220000,0.07736000,0.07736000,0.07690000,0.07690000,274693.00000000,1632257279999,21164.78354000,32,30444.00000000,2349.06911000,0
1632257280000,0.07707000,0.07707000,0.07691000,0.07694000,39779.00000000,1632257339999,3059.78834000,10,541.00000000,41.69487000,0
1632257340000,0.07690000,0.07694000,0.07668000,0.07668000,31714.00000000,1632257399999,2438.53625000,14,27010.00000000,2077.62984000,0
1632257400000,0.07675000,0.07707000,0.07674000,0.07707000,73940.00000000,1632257459999,5690.35039000,14,61251.00000000,4716.53479000,0
1632257460000,0.07710000,0.07752000,0.07699000,0.07699000,397900.00000000,1632257519999,30707.55759000,34,364961.00000000,28161.98306000,0
1632257520000,0.07699000,0.07723000,0.07699000,0.07723000,4753.00000000,1632257579999,366.20764000,6,1839.00000000,141.85878000,0
1632257580000,0.07698000,0.07698000,0.07671000,0.07685000,57563.00000000,1632257639999,4425.51647000,14,15297.00000000,1174.19772000,0
1632257640000,0.07670000,0.07679000,0.07668000,0.07679000,2721.00000000,1632257699999,208.88345000,4,0.00000000,0.00000000,0
1632257700000,0.07711000,0.07715000,0.07683000,0.07714000,15876.00000000,1632257759999,1224.27613000,10,14244.00000000,1098.69105000,0
1632257760000,0.07691000,0.07707000,0.07691000,0.07707000,11635.00000000,1632257819999,895.35513000,5,3244.00000000,249.89820000,0
1632257820000,0.07706000,0.07706000,0.07706000,0.07706000,333.00000000,1632257879999,25.66098000,1,333.00000000,25.66098000,0
1632257880000,0.07679000,0.07735000,0.07674000,0.07735000,54458.00000000,1632257939999,4201.55708000,13,52971.00000000,4087.43790000,0
1632257940000,0.07734000,0.07734000,0.07700000,0.07721000,6421.00000000,1632257999999,495.22622000,5,2251.00000000,174.03638000,0
1632258000000,0.07701000,0.07748000,0.07692000,0.07748000,348748.00000000,1632258059999,26972.88733000,35,340891.00000000,26367.52854000,0
1632258060000,0.07733000,0.07733000,0.07690000,0.07690000,65058.00000000,1632258119999,5011.76631000,9,0.00000000,0.00000000,0
1632258120000,0.07687000,0.07687000,0.07656000,0.07665000,55387.00000000,1632258179999,4246.00080000,16,471.00000000,36.17280000,0
1632258180000,0.07680000,0.07701000,0.07666000,0.07701000,5079.00000000,1632258239999,390.05733000,7,1610.00000000,123.92310000,0
1632258240000,0.07701000,0.07701000,0.07697000,0.07697000,9225.00000000,1632258299999,710.27488000,5,2732.00000000,210.31388000,0
1632258300000,0.07666000,0.07685000,0.07616000,0.07617000,77937.00000000,1632258359999,5950.05952000,33,38920.00000000,2972.16996000,0
1632258360000,0.07618000,0.07641000,0.07582000,0.07600000,36451.00000000,1632258419999,2770.95920000,32,8720.00000000,664.05026000,0
1632258420000,0.07584000,0.07629000,0.07569000,0.07621000,191155.00000000,1632258479999,14545.04199000,38,154425.00000000,11760.53826000,0
1632258480000,0.07613000,0.07613000,0.07595000,0.07607000,138900.00000000,1632258539999,10562.91737000,70,26830.00000000,2040.46281000,0
1632258540000,0.07604000,0.07608000,0.07585000,0.07585000,32284.00000000,1632258599999,2453.95800000,12,23722.00000000,1804.47230000,0
1632258600000,0.07586000,0.07606000,0.07571000,0.07571000,23495.00000000,1632258659999,1780.90636000,12,1529.00000000,116.01944000,0
1632258660000,0.07608000,0.07620000,0.07596000,0.07596000,58761.00000000,1632258719999,4469.36677000,14,54968.00000000,4180.78968000,0
1632258720000,0.07596000,0.07596000,0.07596000,0.07596000,144.00000000,1632258779999,10.93824000,1,144.00000000,10.93824000,0
1632258780000,0.07588000,0.07588000,0.07544000,0.07558000,66127.00000000,1632258839999,5006.68016800,29,0.00000000,0.00000000,0
1632258840000,0.07540000,0.07557000,0.07520000,0.07549000,58854.00000000,1632258899999,4437.78798000,26,10843.00000000,818.93843000,0
1632258900000,0.07549000,0.07549000,0.07519000,0.07548000,9820.00000000,1632258959999,739.91811000,8,4720.00000000,356.27943000,0
1632258960000,0.07548000,0.07554000,0.07480000,0.07524000,153471.00000000,1632259019999,11517.74245800,86,55442.00000000,4165.64762000,0
1632259020000,0.07494000,0.07530000,0.07419000,0.07463000,224305.00000000,1632259079999,16715.78165300,101,75635.00000000,5658.73807000,0
1632259080000,0.07464000,0.07464000,0.07345000,0.07402000,136027.00000000,1632259139999,10051.19108600,90,30280.00000000,2240.83492000,0
1632259140000,0.07407000,0.07439000,0.07217000,0.07229000,577675.00000000,1632259199999,42122.19708000,167,41220.00000000,3030.26399000,0
1632259200000,0.07229000,0.07376000,0.07229000,0.07376000,268101.00000000,1632259259999,19610.84443000,78,232009.00000000,16989.86025000,0
1632259260000,0.07350000,0.07531000,0.07350000,0.07487000,626613.00000000,1632259319999,46572.88380000,116,433499.00000000,32217.45780000,0
1632259320000,0.07487000,0.07500000,0.07475000,0.07499000,152829.00000000,1632259379999,11440.94215000,27,10182.00000000,763.09366000,0
1632259380000,0.07500000,0.07639000,0.07500000,0.07637000,167865.00000000,1632259439999,12743.87560000,82,140516.00000000,10667.23704000,0
1632259440000,0.07636000,0.07699000,0.07635000,0.07698000,167757.00000000,1632259499999,12871.03802000,59,97893.00000000,7524.49180000,0
1632259500000,0.07699000,0.07714000,0.07665000,0.07684000,124463.00000000,1632259559999,9561.83186000,56,27132.00000000,2087.60726000,0
1632259560000,0.07685000,0.07750000,0.07685000,0.07739000,47096.00000000,1632259619999,3636.82236000,37,30110.00000000,2325.35903000,0
1632259620000,0.07757000,0.07791000,0.07757000,0.07781000,51964.00000000,1632259679999,4043.30305000,36,42730.00000000,3325.14958000,0
1632259680000,0.07781000,0.07781000,0.07758000,0.07762000,69730.00000000,1632259739999,5416.60582000,41,26285.00000000,2042.98705000,0
1632259740000,0.07777000,0.07788000,0.07775000,0.07788000,4075.00000000,1632259799999,317.05711000,3,3912.00000000,304.38386000,0
1632259800000,0.07776000,0.07791000,0.07750000,0.07779000,68373.00000000,1632259859999,5309.78795000,24,31018.00000000,2412.25286000,0
1632259860000,0.07781000,0.07823000,0.07766000,0.07823000,260606.00000000,1632259919999,20341.58625000,79,192271.00000000,15022.20433000,0
1632259920000,0.07823000,0.07826000,0.07816000,0.07826000,188844.00000000,1632259979999,14773.75985000,19,182428.00000000,14272.24740000,0
1632259980000,0.07824000,0.07851000,0.07824000,0.07851000,10667.00000000,1632260039999,836.32590000,11,9954.00000000,780.44096000,0
1632260040000,0.07851000,0.07856000,0.07839000,0.07839000,23109.00000000,1632260099999,1814.13056000,10,575.00000000,45.16434000,0
1632260100000,0.07855000,0.07862000,0.07821000,0.07831000,39212.00000000,1632260159999,3072.79979000,22,10363.00000000,812.71716000,0
1632260160000,0.07817000,0.07817000,0.07777000,0.07781000,81116.00000000,1632260219999,6332.26900000,32,5239.00000000,407.93688000,0
1632260220000,0.07781000,0.07811000,0.07781000,0.07783000,15450.00000000,1632260279999,1203.71039000,10,13455.00000000,1048.36274000,0
1632260280000,0.07782000,0.07782000,0.07782000,0.07782000,1609.00000000,1632260339999,125.21238000,3,221.00000000,17.19822000,0
1632260340000,0.07782000,0.07782000,0.07772000,0.07772000,12602.00000000,1632260399999,979.78131000,7,2961.00000000,230.42502000,0
1632260400000,0.07780000,0.07780000,0.07768000,0.07768000,5067.00000000,1632260459999,394.02028000,5,4149.00000000,322.68788000,0
1632260460000,0.07768000,0.07781000,0.07768000,0.07774000,88404.00000000,1632260519999,6878.60286000,7,87118.00000000,6778.62922000,0
1632260520000,0.07782000,0.07782000,0.07773000,0.07773000,3531.00000000,1632260579999,274.62303000,3,1760.00000000,136.96320000,0
1632260580000,0.07780000,0.07802000,0.07779000,0.07802000,33174.00000000,1632260639999,2582.25105000,13,33174.00000000,2582.25105000,0
1632260640000,0.07814000,0.07891000,0.07800000,0.07891000,29371.00000000,1632260699999,2303.49898000,33,14782.00000000,1160.19112000,0
1632260700000,0.07891000,0.07930000,0.07889000,0.07930000,134375.00000000,1632260759999,10640.73166000,49,97705.00000000,7741.24384000,0
1632260760000,0.07900000,0.07913000,0.07878000,0.07894000,39568.00000000,1632260819999,3119.41223000,22,1256.00000000,99.38728000,0
1632260820000,0.07876000,0.07876000,0.07827000,0.07840000,132800.00000000,1632260879999,10434.53176000,23,3813.00000000,298.92961000,0
1632260880000,0.07840000,0.07840000,0.07821000,0.07821000,17224.00000000,1632260939999,1349.72631000,9,0.00000000,0.00000000,0
1632260940000,0.07820000,0.07824000,0.07811000,0.07824000,5980.00000000,1632260999999,467.19999000,7,779.00000000,60.93068000,0
1632261000000,0.07849000,0.07849000,0.07849000,0.07849000,191.00000000,1632261059999,14.99159000,1,191.00000000,14.99159000,0
1632261060000,0.07849000,0.07849000,0.07849000,0.07849000,0.00000000,1632261119999,0.00000000,0,0.00000000,0.00000000,0
1632261120000,0.07849000,0.07856000,0.07848000,0.07850000,27403.00000000,1632261179999,2152.13539000,14,27240.00000000,2139.33989000,0
1632261180000,0.07864000,0.07874000,0.07855000,0.07867000,23388.00000000,1632261239999,1838.41044000,14,7069.00000000,556.12260000,0
1632261240000,0.07850000,0.07866000,0.07850000,0.07866000,10498.00000000,1632261299999,825.55853000,8,10025.00000000,788.42803000,0
1632261300000,0.07866000,0.07866000,0.07866000,0.07866000,254.00000000,1632261359999,19.97964000,1,254.00000000,19.97964000,0
1632261360000,0.07866000,0.07866000,0.07866000,0.07866000,0.00000000,1632261419999,0.00000000,0,0.00000000,0.00000000,0
1632261420000,0.07828000,0.07828000,0.07816000,0.07823000,29542.00000000,1632261479999,2310.44096000,10,0.00000000,0.00000000,0
1632261480000,0.07816000,0.07816000,0.07816000,0.07816000,2603.00000000,1632261539999,203.45048000,2,0.00000000,0.00000000,0
1632261540000,0.07851000,0.07853000,0.07806000,0.07806000,47516.00000000,1632261599999,3718.61768000,36,11933.00000000,936.65957000,0
1632261600000,0.07838000,0.07838000,0.07801000,0.07801000,42206.00000000,1632261659999,3301.78350000,32,30699.00000000,2403.37734000,0
1632261660000,0.07813000,0.07828000,0.07794000,0.07828000,21524.00000000,1632261719999,1680.20774000,18,11069.00000000,864.35872000,0
1632261720000,0.07817000,0.07817000,0.07817000,0.07817000,435.00000000,1632261779999,34.00395000,1,0.00000000,0.00000000,0
1632261780000,0.07823000,0.07823000,0.07820000,0.07821000,4298.00000000,1632261839999,336.14754000,7,4298.00000000,336.14754000,0
1632261840000,0.07795000,0.07811000,0.07790000,0.07800000,24359.00000000,1632261899999,1899.81935000,20,12602.00000000,983.15770000,0
1632261900000,0.07800000,0.07800000,0.07800000,0.07800000,0.00000000,1632261959999,0.00000000,0,0.00000000,0.00000000,0
1632261960000,0.07800000,0.07800000,0.07780000,0.07796000,93188.00000000,1632262019999,7256.23730000,41,13516.00000000,1053.59996000,0
1632262020000,0.07795000,0.07795000,0.07769000,0.07769000,1690.00000000,1632262079999,131.36188000,2,253.00000000,19.72135000,0
1632262080000,0.07800000,0.07805000,0.07800000,0.07805000,2956.00000000,1632262139999,230.69405000,5,2956.00000000,230.69405000,0
1632262140000,0.07816000,0.07816000,0.07791000,0.07813000,20709.00000000,1632262199999,1617.96810000,8,17622.00000000,1377.27768000,0
1632262200000,0.07813000,0.07818000,0.07813000,0.07818000,10083.00000000,1632262259999,787.96854000,11,10083.00000000,787.96854000,0
1632262260000,0.07826000,0.07840000,0.07826000,0.07840000,2552.00000000,1632262319999,199.96516000,7,2552.00000000,199.96516000,0
1632262320000,0.07835000,0.07862000,0.07835000,0.07857000,94572.00000000,1632262379999,7420.84556000,21,57286.00000000,4495.08447000,0
1632262380000,0.07850000,0.07850000,0.07824000,0.07824000,2136.00000000,1632262439999,167.30966000,2,727.00000000,57.06950000,0
1632262440000,0.07824000,0.07824000,0.07824000,0.07824000,0.00000000,1632262499999,0.00000000,0,0.00000000,0.00000000,0
1632262500000,0.07833000,0.07833000,0.07833000,0.07833000,11724.00000000,1632262559999,918.34092000,12,4737.00000000,371.04921000,0
1632262560000,0.07852000,0.07852000,0.07828000,0.07828000,1824.00000000,1632262619999,143.17032000,3,1615.00000000,126.80980000,0
1632262620000,0.07850000,0.07854000,0.07828000,0.07828000,18794.00000000,1632262679999,1472.63432000,7,6000.00000000,471.12000000,0
1632262680000,0.07828000,0.07828000,0.07828000,0.07828000,0.00000000,1632262739999,0.00000000,0,0.00000000,0.00000000,0
1632262740000,0.07852000,0.07856000,0.07852000,0.07856000,34194.00000000,1632262799999,2685.52229000,6,34194.00000000,2685.52229000,0
1632262800000,0.07830000,0.07830000,0.07799000,0.07799000,9077.00000000,1632262859999,709.95572000,9,0.00000000,0.00000000,0
1632262860000,0.07788000,0.07789000,0.07770000,0.07789000,3996.00000000,1632262919999,310.87786000,7,996.00000000,77.57524000,0
1632262920000,0.07789000,0.07789000,0.07762000,0.07762000,8224.00000000,1632262979999,639.16177000,4,7474.00000000,580.92493000,0
1632262980000,0.07754000,0.07770000,0.07729000,0.07770000,26951.00000000,1632263039999,2089.30699000,21,9843.00000000,764.53937000,0
1632263040000,0.07770000,0.07775000,0.07770000,0.07775000,2898.00000000,1632263099999,225.30330000,2,2574.00000000,200.12850000,0
1632263100000,0.07775000,0.07775000,0.07775000,0.07775000,0.00000000,1632263159999,0.00000000,0,0.00000000,0.00000000,0
1632263160000,0.07755000,0.07755000,0.07750000,0.07750000,9847.00000000,1632263219999,763.52930000,2,0.00000000,0.00000000,0
1632263220000,0.07751000,0.07751000,0.07720000,0.07720000,14488.00000000,1632263279999,1120.82906000,11,10374.00000000,802.92940000,0
1632263280000,0.07711000,0.07728000,0.07710000,0.07728000,7181.00000000,1632263339999,553.96844000,5,1613.00000000,124.65264000,0
1632263340000,0.07733000,0.07733000,0.07733000,0.07733000,200.00000000,1632263399999,15.46600000,1,200.00000000,15.46600000,0
1632263400000,0.07728000,0.07747000,0.07728000,0.07728000,3271.00000000,1632263459999,253.11310000,6,3121.00000000,241.52110000,0
1632263460000,0.07710000,0.07731000,0.07685000,0.07699000,203972.00000000,1632263519999,15690.73637000,39,7985.00000000,615.01757000,0
1632263520000,0.07679000,0.07679000,0.07665000,0.07675000,18435.00000000,1632263579999,1414.01579000,11,15827.00000000,1213.95461000,0
1632263580000,0.07675000,0.07676000,0.07675000,0.07676000,18227.00000000,1632263639999,1398.94793000,5,14601.00000000,1120.62675000,0
1632263640000,0.07676000,0.07676000,0.07676000,0.07676000,0.00000000,1632263699999,0.00000000,0,0.00000000,0.00000000,0
1632263700000,0.07676000,0.07676000,0.07673000,0.07676000,13974.00000000,1632263759999,1072.33302000,3,0.00000000,0.00000000,0
1632263760000,0.07676000,0.07676000,0.07676000,0.07676000,1599.00000000,1632263819999,122.73924000,3,0.00000000,0.00000000,0
1632263820000,0.07695000,0.07695000,0.07695000,0.07695000,651.00000000,1632263879999,50.09445000,1,651.00000000,50.09445000,0
1632263880000,0.07695000,0.07695000,0.07695000,0.07695000,4273.00000000,1632263939999,328.80735000,2,2974.00000000,228.84930000,0
1632263940000,0.07695000,0.07697000,0.07680000,0.07680000,25941.00000000,1632263999999,1995.77394000,14,2249.00000000,173.09199000,0
1632264000000,0.07695000,0.07725000,0.07693000,0.07725000,26566.00000000,1632264059999,2048.18097000,9,23629.00000000,1822.18576000,0
1632264060000,0.07725000,0.07725000,0.07725000,0.07725000,825.00000000,1632264119999,63.73125000,2,0.00000000,0.00000000,0
1632264120000,0.07711000,0.07711000,0.07702000,0.07702000,1297.00000000,1632264179999,99.95358000,4,0.00000000,0.00000000,0
1632264180000,0.07730000,0.07730000,0.07726000,0.07726000,1133.00000000,1632264239999,87.55566000,2,1133.00000000,87.55566000,0
1632264240000,0.07726000,0.07726000,0.07726000,0.07726000,0.00000000,1632264299999,0.00000000,0,0.00000000,0.00000000,0
1632264300000,0.07699000,0.07712000,0.07697000,0.07712000,20529.00000000,1632264359999,1580.72219000,7,3700.00000000,285.34400000,0
1632264360000,0.07700000,0.07700000,0.07667000,0.07670000,11746.00000000,1632264419999,901.28022000,10,198.00000000,15.24600000,0
1632264420000,0.07666000,0.07685000,0.07637000,0.07644000,25266.00000000,1632264479999,1932.10736000,17,630.00000000,48.40136000,0
1632264480000,0.07644000,0.07662000,0.07638000,0.07662000,13113.00000000,1632264539999,1002.66186000,7,4021.00000000,308.06302000,0
1632264540000,0.07659000,0.07661000,0.07639000,0.07639000,8489.00000000,1632264599999,650.12903000,3,7756.00000000,594.13516000,0
1632264600000,0.07639000,0.07639000,0.07609000,0.07609000,15296.00000000,1632264659999,1166.12816000,18,0.00000000,0.00000000,0
1632264660000,0.07614000,0.07614000,0.07614000,0.07614000,19166.00000000,1632264719999,1459.29924000,5,19166.00000000,1459.29924000,0
1632264720000,0.07614000,0.07614000,0.07614000,0.07614000,649.00000000,1632264779999,49.41486000,2,463.00000000,35.25282000,0
1632264780000,0.07614000,0.07614000,0.07606000,0.07606000,451.00000000,1632264839999,34.32086000,3,0.00000000,0.00000000,0
1632264840000,0.07606000,0.07616000,0.07606000,0.07616000,10873.00000000,1632264899999,827.06628000,4,10873.00000000,827.06628000,0
1632264900000,0.07602000,0.07612000,0.07598000,0.07612000,67288.00000000,1632264959999,5114.74750000,19,30997.00000000,2356.24924000,0
1632264960000,0.07612000,0.07612000,0.07612000,0.07612000,0.00000000,1632265019999,0.00000000,0,0.00000000,0.00000000,0
1632265020000,0.07597000,0.07597000,0.07557000,0.07557000,122839.00000000,1632265079999,9307.27171000,24,0.00000000,0.00000000,0
1632265080000,0.07554000,0.07554000,0.07527000,0.07527000,10470.00000000,1632265139999,789.64115000,13,4178.00000000,314.99959000,0
1632265140000,0.07522000,0.07522000,0.07487000,0.07503000,39114.00000000,1632265199999,2933.75663000,27,3007.00000000,225.64150000,0
1632265200000,0.07496000,0.07528000,0.07492000,0.07503000,21182.00000000,1632265259999,1589.30720000,10,5059.00000000,380.81494000,0
1632265260000,0.07524000,0.07549000,0.07506000,0.07549000,60118.00000000,1632265319999,4527.12852000,15,59618.00000000,4489.59852000,0
1632265320000,0.07549000,0.07576000,0.07548000,0.07576000,14652.00000000,1632265379999,1109.58667000,13,14520.00000000,1099.62331000,0
1632265380000,0.07588000,0.07593000,0.07528000,0.07528000,56071.00000000,1632265439999,4240.43576000,15,3654.00000000,277.40486000,0
1632265440000,0.07571000,0.07571000,0.07539000,0.07539000,3158.00000000,1632265499999,238.37474000,2,916.00000000,69.35036000,0
1632265500000,0.07539000,0.07539000,0.07539000,0.07539000,0.00000000,1632265559999,0.00000000,0,0.00000000,0.00000000,0
1632265560000,0.07571000,0.07571000,0.07571000,0.07571000,1712.00000000,1632265619999,129.61552000,2,1374.00000000,104.02554000,0
1632265620000,0.07574000,0.07585000,0.07574000,0.07585000,5048.00000000,1632265679999,382.80357000,6,4652.00000000,352.81053000,0
1632265680000,0.07585000,0.07585000,0.07585000,0.07585000,2041.00000000,1632265739999,154.80985000,3,2041.00000000,154.80985000,0
1632265740000,0.07590000,0.07602000,0.07585000,0.07585000,5452.00000000,1632265799999,414.28259000,6,5452.00000000,414.28259000,0
1632265800000,0.07603000,0.07636000,0.07603000,0.07610000,20691.00000000,1632265859999,1575.77305000,15,10707.00000000,815.86565000,0
1632265860000,0.07618000,0.07650000,0.07610000,0.07610000,18833.00000000,1632265919999,1436.34392000,17,5223.00000000,399.41760000,0
1632265920000,0.07644000,0.07667000,0.07644000,0.07667000,17753.00000000,1632265979999,1359.15120000,11,17753.00000000,1359.15120000,0
1632265980000,0.07667000,0.07667000,0.07667000,0.07667000,0.00000000,1632266039999,0.00000000,0,0.00000000,0.00000000,0
1632266040000,0.07662000,0.07662000,0.07641000,0.07641000,5667.00000000,1632266099999,433.10582000,3,424.00000000,32.48688000,0
1632266100000,0.07625000,0.07658000,0.07614000,0.07658000,21103.00000000,1632266159999,1615.46064000,20,20747.00000000,1588.32576000,0
1632266160000,0.07654000,0.07654000,0.07606000,0.07606000,25136.00000000,1632266219999,1916.14887000,12,1179.00000000,90.24066000,0
1632266220000,0.07606000,0.07606000,0.07574000,0.07593000,26024.00000000,1632266279999,1974.08091000,17,12707.00000000,963.20603000,0
1632266280000,0.07570000,0.07576000,0.07544000,0.07548000,25416.00000000,1632266339999,1921.30053000,16,285.00000000,21.59160000,0
1632266340000,0.07539000,0.07561000,0.07508000,0.07528000,101284.00000000,1632266399999,7626.29563000,41,49475.00000000,3725.84903000,0
1632266400000,0.07533000,0.07533000,0.07533000,0.07533000,1323.00000000,1632266459999,99.66159000,2,1323.00000000,99.66159000,0
1632266460000,0.07527000,0.07532000,0.07500000,0.07532000,21624.00000000,1632266519999,1625.28204000,12,132.00000000,9.94224000,0
1632266520000,0.07532000,0.07532000,0.07532000,0.07532000,0.00000000,1632266579999,0.00000000,0,0.00000000,0.00000000,0
1632266580000,0.07532000,0.07532000,0.07532000,0.07532000,0.00000000,1632266639999,0.00000000,0,0.00000000,0.00000000,0
1632266640000,0.07532000,0.07532000,0.07532000,0.07532000,0.00000000,1632266699999,0.00000000,0,0.00000000,0.00000000,0
1632266700000,0.07532000,0.07532000,0.07532000,0.07532000,0.00000000,1632266759999,0.00000000,0,0.00000000,0.00000000,0
1632266760000,0.07532000,0.07532000,0.07532000,0.07532000,0.00000000,1632266819999,0.00000000,0,0.00000000,0.00000000,0
1632266820000,0.07530000,0.07552000,0.07528000,0.07552000,18267.00000000,1632266879999,1375.44276000,8,5007.00000000,377.22996000,0
1632266880000,0.07563000,0.07574000,0.07563000,0.07574000,1717.00000000,1632266939999,129.96871000,5,1717.00000000,129.96871000,0
1632266940000,0.07574000,0.07574000,0.07574000,0.07574000,0.00000000,1632266999999,0.00000000,0,0.00000000,0.00000000,0
1632267000000,0.07546000,0.07546000,0.07533000,0.07542000,33516.00000000,1632267059999,2527.07295000,12,0.00000000,0.00000000,0
1632267060000,0.07527000,0.07527000,0.07517000,0.07517000,2677.00000000,1632267119999,201.32549000,5,0.00000000,0.00000000,0
1632267120000,0.07510000,0.07510000,0.07510000,0.07510000,2775.00000000,1632267179999,208.40250000,2,2376.00000000,178.43760000,0
1632267180000,0.07510000,0.07510000,0.07500000,0.07500000,5656.00000000,1632267239999,424.48496000,7,2796.00000000,209.97960000,0
1632267240000,0.07499000,0.07518000,0.07468000,0.07518000,9358.00000000,1632267299999,700.97259000,16,3312.00000000,248.94347000,0
1632267300000,0.07481000,0.07486000,0.07481000,0.07486000,9604.00000000,1632267359999,718.91659000,3,7104.00000000,531.76659000,0
1632267360000,0.07486000,0.07486000,0.07486000,0.07486000,0.00000000,1632267419999,0.00000000,0,0.00000000,0.00000000,0
1632267420000,0.07517000,0.07517000,0.07517000,0.07517000,2186.00000000,1632267479999,164.32162000,3,2186.00000000,164.32162000,0
1632267480000,0.07498000,0.07526000,0.07488000,0.07526000,9742.00000000,1632267539999,729.82936000,5,502.00000000,37.72176000,0
1632267540000,0.07526000,0.07526000,0.07526000,0.07526000,849.00000000,1632267599999,63.89574000,1,849.00000000,63.89574000,0
1632267600000,0.07496000,0.07521000,0.07478000,0.07521000,19851.00000000,1632267659999,1489.43386000,10,6643.00000000,499.45460000,0
1632267660000,0.07516000,0.07516000,0.07456000,0.07456000,12969.00000000,1632267719999,970.37406000,15,4525.00000000,340.06870000,0
1632267720000,0.07455000,0.07478000,0.07455000,0.07478000,4542.00000000,1632267779999,339.45697000,3,4175.00000000,312.09712000,0
1632267780000,0.07502000,0.07502000,0.07502000,0.07502000,1000.00000000,1632267839999,75.02000000,1,1000.00000000,75.02000000,0
1632267840000,0.07502000,0.07502000,0.07502000,0.07502000,0.00000000,1632267899999,0.00000000,0,0.00000000,0.00000000,0
1632267900000,0.07502000,0.07502000,0.07502000,0.07502000,0.00000000,1632267959999,0.00000000,0,0.00000000,0.00000000,0
1632267960000,0.07502000,0.07502000,0.07502000,0.07502000,146.00000000,1632268019999,10.95292000,1,146.00000000,10.95292000,0
1632268020000,0.07505000,0.07551000,0.07502000,0.07551000,132163.00000000,1632268079999,9965.61386000,16,130359.00000000,9830.27283000,0
1632268080000,0.07551000,0.07551000,0.07516000,0.07516000,2212.00000000,1632268139999,166.31450000,3,158.00000000,11.93058000,0
1632268140000,0.07515000,0.07515000,0.07492000,0.07492000,64069.00000000,1632268199999,4806.81392000,9,0.00000000,0.00000000,0
1632268200000,0.07492000,0.07492000,0.07492000,0.07492000,0.00000000,1632268259999,0.00000000,0,0.00000000,0.00000000,0
1632268260000,0.07492000,0.07492000,0.07492000,0.07492000,0.00000000,1632268319999,0.00000000,0,0.00000000,0.00000000,0
1632268320000,0.07527000,0.07527000,0.07527000,0.07527000,265.00000000,1632268379999,19.94655000,1,265.00000000,19.94655000,0
1632268380000,0.07492000,0.07524000,0.07488000,0.07524000,13536.00000000,1632268439999,1014.91476000,5,3528.00000000,265.42372000,0
1632268440000,0.07524000,0.07541000,0.07524000,0.07541000,2619.00000000,1632268499999,197.21634000,4,2619.00000000,197.21634000,0
1632268500000,0.07549000,0.07579000,0.07549000,0.07579000,39201.00000000,1632268559999,2968.18922000,18,9529.00000000,720.84019000,0
1632268560000,0.07578000,0.07579000,0.07578000,0.07578000,8486.00000000,1632268619999,643.09885000,6,8486.00000000,643.09885000,0
1632268620000,0.07578000,0.07578000,0.07560000,0.07560000,1724.00000000,1632268679999,130.57182000,2,1319.00000000,99.95382000,0
1632268680000,0.07575000,0.07575000,0.07575000,0.07575000,10450.00000000,1632268739999,791.58750000,2,10450.00000000,791.58750000,0
1632268740000,0.07586000,0.07592000,0.07562000,0.07562000,13285.00000000,1632268799999,1008.35332000,11,3578.00000000,271.47318000,0
