1632355200000,148.02000000,148.11000000,147.92000000,148.04000000,1008.10000000,1632355259999,149228.83550000,245,324.07000000,47970.86650000,0
1632355260000,148.06000000,148.12000000,147.60000000,147.70000000,5916.08000000,1632355319999,874370.13580000,634,1832.51000000,270742.16470000,0
1632355320000,147.69000000,149.00000000,147.60000000,148.98000000,20269.48000000,1632355379999,2996580.88590000,1647,6392.69000000,946698.81410000,0
1632355380000,148.92000000,149.66000000,148.47000000,149.31000000,9167.25000000,1632355439999,1367728.76820000,2217,5280.71000000,787994.51780000,0
1632355440000,149.32000000,149.32000000,147.60000000,147.95000000,11658.51000000,1632355499999,1726451.52470000,1785,3480.23000000,515804.62060000,0
1632355500000,147.89000000,147.97000000,146.73000000,147.02000000,46350.84000000,1632355559999,6838801.49720000,5953,5561.53000000,820160.90370000,0
1632355560000,147.02000000,147.72000000,146.80000000,147.58000000,6177.14000000,1632355619999,909989.34640000,1108,2457.09000000,361978.63360000,0
1632355620000,147.58000000,148.49000000,147.38000000,148.13000000,4518.43000000,1632355679999,668759.46990000,1025,2924.49000000,432793.40120000,0
1632355680000,148.18000000,148.80000000,148.10000000,148.69000000,3606.50000000,1632355739999,535387.49750000,747,2049.98000000,304372.26910000,0
1632355740000,148.75000000,150.54000000,148.57000000,150.51000000,22146.48000000,1632355799999,3317236.93830000,7040,16356.70000000,2450362.09850000,0
1632355800000,150.51000000,151.68000000,150.34000000,151.06000000,27455.26000000,1632355859999,4149402.69140000,13031,16254.14000000,2456649.24050000,0
1632355860000,151.07000000,151.35000000,150.35000000,151.17000000,14054.26000000,1632355919999,2120735.46610000,7896,5960.95000000,899611.01250000,0
1632355920000,151.15000000,151.23000000,150.28000000,150.63000000,5277.56000000,1632355979999,795564.88880000,1323,2782.17000000,419405.61610000,0
1632355980000,150.66000000,150.99000000,150.15000000,150.49000000,5746.56000000,1632356039999,864932.01570000,1158,2523.70000000,379960.59800000,0
1632356040000,150.45000000,150.82000000,149.90000000,149.91000000,6125.92000000,1632356099999,920367.15450000,2026,2562.46000000,385146.54150000,0
1632356100000,149.93000000,150.25000000,149.54000000,150.15000000,9326.72000000,1632356159999,1397897.48270000,2106,5949.93000000,892047.18030000,0
1632356160000,150.17000000,150.42000000,149.29000000,149.40000000,8864.66000000,1632356219999,1328426.21200000,1346,3542.24000000,530455.56540000,0
1632356220000,149.49000000,149.86000000,148.78000000,149.56000000,8319.97000000,1632356279999,1241923.42730000,5372,4092.31000000,610901.34530000,0
1632356280000,149.63000000,149.90000000,149.39000000,149.43000000,2776.79000000,1632356339999,415614.14780000,555,1549.89000000,232055.66130000,0
1632356340000,149.47000000,149.48000000,148.95000000,148.97000000,2500.85000000,1632356399999,373113.05960000,623,1173.97000000,175199.80050000,0
1632356400000,149.02000000,149.23000000,148.58000000,148.93000000,4143.44000000,1632356459999,616861.03040000,1389,2080.98000000,309813.58740000,0
1632356460000,148.97000000,149.19000000,148.85000000,149.01000000,2842.80000000,1632356519999,423660.53830000,573,1663.04000000,247839.83790000,0
1632356520000,149.03000000,149.28000000,148.91000000,148.99000000,4508.23000000,1632356579999,672009.95470000,617,3265.41000000,486756.07370000,0
1632356580000,149.00000000,149.29000000,148.86000000,149.05000000,3228.91000000,1632356639999,481308.10980000,655,2174.59000000,324182.43670000,0
1632356640000,149.05000000,149.19000000,148.39000000,148.49000000,4121.99000000,1632356699999,613118.18650000,977,1752.63000000,260793.10050000,0
1632356700000,148.49000000,148.75000000,148.16000000,148.27000000,3864.37000000,1632356759999,573586.44600000,1685,1794.14000000,266401.22230000,0
1632356760000,148.26000000,148.67000000,147.66000000,148.41000000,8327.77000000,1632356819999,1233173.82740000,2886,4430.05000000,656219.14630000,0
1632356820000,148.46000000,149.20000000,148.46000000,149.00000000,6626.46000000,1632356879999,986119.06540000,1096,4481.75000000,667066.05130000,0
1632356880000,149.02000000,149.08000000,148.59000000,148.80000000,3869.42000000,1632356939999,575690.35540000,584,1578.54000000,234874.81950000,0
1632356940000,148.76000000,148.76000000,148.08000000,148.09000000,4336.55000000,1632356999999,643408.59960000,649,2226.55000000,330347.85670000,0
1632357000000,148.11000000,148.48000000,147.99000000,148.31000000,5084.99000000,1632357059999,753445.94750000,614,2112.19000000,313110.88870000,0
1632357060000,148.38000000,148.64000000,148.26000000,148.33000000,1826.69000000,1632357119999,271144.17590000,490,926.38000000,137488.51070000,0
1632357120000,148.35000000,148.96000000,148.32000000,148.87000000,2366.91000000,1632357179999,351797.96240000,560,1242.58000000,184743.39790000,0
1632357180000,148.83000000,149.65000000,148.67000000,149.31000000,5869.11000000,1632357239999,876419.16150000,1093,3857.47000000,576136.11060000,0
1632357240000,149.30000000,149.48000000,149.19000000,149.22000000,1851.38000000,1632357299999,276510.99570000,417,689.68000000,102998.56250000,0
1632357300000,149.23000000,150.07000000,149.22000000,150.05000000,4999.93000000,1632357359999,749236.08790000,1303,2929.00000000,439014.73510000,0
1632357360000,150.05000000,150.10000000,149.65000000,149.69000000,3172.09000000,1632357419999,475409.10980000,635,1633.17000000,244792.90720000,0
1632357420000,149.69000000,149.91000000,149.42000000,149.48000000,2253.71000000,1632357479999,337350.09720000,567,1526.59000000,228540.44570000,0
1632357480000,149.46000000,149.49000000,148.49000000,148.49000000,3690.12000000,1632357539999,549795.70940000,1030,1494.22000000,222674.26060000,0
1632357540000,148.54000000,148.93000000,148.48000000,148.60000000,2100.21000000,1632357599999,312253.07370000,725,1093.10000000,162548.81800000,0
1632357600000,148.60000000,148.82000000,148.16000000,148.19000000,4061.06000000,1632357659999,602966.66280000,742,660.66000000,98062.30450000,0
1632357660000,148.19000000,148.38000000,147.82000000,148.13000000,4110.88000000,1632357719999,608892.14950000,1066,1941.21000000,287647.97740000,0
1632357720000,148.12000000,148.19000000,147.61000000,147.68000000,4740.81000000,1632357779999,700940.39060000,1059,1375.52000000,203397.71780000,0
1632357780000,147.65000000,147.95000000,147.60000000,147.69000000,1980.11000000,1632357839999,292510.46430000,649,1027.69000000,151806.14760000,0
1632357840000,147.69000000,147.70000000,147.19000000,147.28000000,4103.88000000,1632357899999,605166.72840000,3213,2020.65000000,298007.89540000,0
1632357900000,147.26000000,147.95000000,147.19000000,147.28000000,4631.36000000,1632357959999,683755.61150000,1245,3037.62000000,448621.36510000,0
1632357960000,147.29000000,147.30000000,146.42000000,146.43000000,8914.74000000,1632358019999,1310013.13660000,2405,3794.03000000,557816.04480000,0
1632358020000,146.43000000,146.61000000,146.01000000,146.20000000,9536.11000000,1632358079999,1395413.97390000,2748,3327.62000000,487103.41180000,0
1632358080000,146.12000000,146.18000000,145.39000000,145.50000000,11412.18000000,1632358139999,1663628.78410000,4285,4651.88000000,678298.66220000,0
1632358140000,145.57000000,145.83000000,145.16000000,145.49000000,7579.08000000,1632358199999,1102606.28600000,3612,4110.30000000,598162.76600000,0
1632358200000,145.48000000,145.66000000,145.03000000,145.20000000,5483.63000000,1632358259999,797439.48560000,1010,3764.18000000,547566.01780000,0
1632358260000,145.20000000,145.35000000,144.83000000,144.89000000,6066.81000000,1632358319999,879943.57590000,1455,1920.02000000,278601.77780000,0
1632358320000,144.88000000,145.24000000,144.87000000,144.93000000,2884.81000000,1632358379999,418556.50830000,911,1313.49000000,190581.25150000,0
1632358380000,144.93000000,145.48000000,144.80000000,145.40000000,4944.26000000,1632358439999,717724.34330000,1163,2575.24000000,374089.65200000,0
1632358440000,145.36000000,145.98000000,145.18000000,145.80000000,6976.24000000,1632358499999,1016357.75970000,2396,5021.36000000,731659.69140000,0
1632358500000,145.86000000,146.24000000,145.72000000,146.11000000,3422.48000000,1632358559999,499676.21780000,846,1820.33000000,265782.10860000,0
1632358560000,146.04000000,146.30000000,145.96000000,146.20000000,1308.30000000,1632358619999,191203.64750000,465,785.29000000,114772.75250000,0
1632358620000,146.23000000,146.36000000,145.73000000,145.82000000,2576.66000000,1632358679999,376481.66460000,567,631.88000000,92329.87720000,0
1632358680000,145.86000000,145.88000000,145.34000000,145.49000000,2890.57000000,1632358739999,420564.83660000,588,1358.03000000,197542.03330000,0
1632358740000,145.47000000,145.55000000,145.23000000,145.41000000,3084.53000000,1632358799999,448516.06310000,477,955.28000000,138895.30540000,0
1632358800000,145.41000000,145.48000000,144.60000000,144.80000000,4657.80000000,1632358859999,674902.42460000,1387,1719.38000000,249136.17820000,0
1632358860000,144.81000000,145.29000000,144.69000000,144.82000000,4206.41000000,1632358919999,609926.01760000,885,2644.41000000,383501.06330000,0
1632358920000,144.80000000,145.00000000,144.64000000,144.90000000,3479.82000000,1632358979999,504132.72450000,645,1436.23000000,208089.54550000,0
1632358980000,144.91000000,145.71000000,144.80000000,145.65000000,3064.06000000,1632359039999,445192.07990000,874,1686.45000000,245086.82010000,0
1632359040000,145.70000000,146.23000000,145.66000000,146.10000000,4642.22000000,1632359099999,678121.65500000,995,2063.89000000,301464.55360000,0
1632359100000,146.12000000,146.83000000,146.00000000,146.53000000,5145.24000000,1632359159999,754055.82020000,1292,2541.40000000,372363.66500000,0
1632359160000,146.55000000,147.19000000,146.32000000,146.53000000,6743.66000000,1632359219999,990352.84080000,1298,5257.50000000,772346.04900000,0
1632359220000,146.49000000,146.56000000,146.17000000,146.22000000,2585.80000000,1632359279999,378359.66880000,565,824.30000000,120627.77850000,0
1632359280000,146.23000000,146.45000000,145.80000000,146.39000000,3130.66000000,1632359339999,457461.67840000,748,1910.04000000,279129.00330000,0
1632359340000,146.41000000,146.56000000,146.11000000,146.11000000,1480.14000000,1632359399999,216655.29350000,448,620.61000000,90830.61600000,0
1632359400000,146.13000000,146.50000000,146.13000000,146.45000000,1411.40000000,1632359459999,206531.28770000,427,668.51000000,97820.95600000,0
1632359460000,146.40000000,146.47000000,145.99000000,146.10000000,1228.40000000,1632359519999,179509.57820000,462,542.77000000,79317.44330000,0
1632359520000,146.10000000,146.43000000,145.41000000,145.51000000,3417.82000000,1632359579999,498851.71490000,773,1621.29000000,236859.78580000,0
1632359580000,145.50000000,145.73000000,145.22000000,145.30000000,2690.80000000,1632359639999,391487.45910000,659,713.25000000,103808.55490000,0
1632359640000,145.21000000,145.52000000,145.15000000,145.15000000,2251.02000000,1632359699999,327152.20900000,627,1049.95000000,152580.44110000,0
1632359700000,145.14000000,145.43000000,144.93000000,145.41000000,3513.72000000,1632359759999,510070.52800000,1013,1269.73000000,184367.31780000,0
1632359760000,145.40000000,146.11000000,145.25000000,145.95000000,3552.18000000,1632359819999,517920.05290000,909,1955.06000000,285071.11720000,0
1632359820000,145.91000000,146.21000000,145.63000000,145.94000000,3323.84000000,1632359879999,485193.58540000,696,1479.41000000,215866.44940000,0
1632359880000,145.94000000,146.11000000,145.80000000,145.93000000,1886.01000000,1632359939999,275279.48890000,439,1120.67000000,163565.01840000,0
1632359940000,145.86000000,146.11000000,145.73000000,145.92000000,1633.44000000,1632359999999,238267.35190000,410,635.23000000,92689.68900000,0
1632360000000,145.85000000,146.18000000,145.69000000,146.04000000,2679.63000000,1632360059999,391071.43560000,491,1672.50000000,244100.78710000,0
1632360060000,146.09000000,146.47000000,146.01000000,146.31000000,2992.68000000,1632360119999,437844.87720000,571,1712.80000000,250550.05400000,0
1632360120000,146.32000000,146.47000000,146.16000000,146.39000000,2209.34000000,1632360179999,323290.20250000,436,1270.32000000,185885.65460000,0
1632360180000,146.33000000,146.54000000,145.93000000,145.94000000,2335.01000000,1632360239999,341303.90450000,556,583.98000000,85421.36720000,0
1632360240000,145.94000000,146.02000000,145.75000000,145.75000000,965.56000000,1632360299999,140871.66620000,380,523.37000000,76372.58960000,0
1632360300000,145.75000000,145.90000000,145.19000000,145.52000000,9580.69000000,1632360359999,1393040.80190000,991,3449.84000000,501316.66030000,0
1632360360000,145.55000000,145.98000000,145.44000000,145.82000000,1822.10000000,1632360419999,265600.15590000,463,642.61000000,93667.26780000,0
1632360420000,145.78000000,146.00000000,145.58000000,145.89000000,956.32000000,1632360479999,139417.70200000,400,503.94000000,73472.78260000,0
1632360480000,145.84000000,146.30000000,145.66000000,146.30000000,2393.46000000,1632360539999,349360.89350000,578,1660.62000000,242430.98610000,0
1632360540000,146.30000000,146.67000000,146.13000000,146.17000000,2877.48000000,1632360599999,421312.60900000,699,1606.55000000,235225.50480000,0
1632360600000,146.17000000,146.82000000,146.17000000,146.75000000,1883.38000000,1632360659999,276118.59040000,710,1225.74000000,179723.01430000,0
1632360660000,146.74000000,147.00000000,146.54000000,146.74000000,2687.97000000,1632360719999,394532.54460000,753,1185.58000000,174019.52910000,0
1632360720000,146.73000000,147.14000000,146.54000000,146.99000000,3430.46000000,1632360779999,503839.35190000,702,2004.61000000,294560.29200000,0
1632360780000,146.99000000,147.61000000,146.90000000,147.38000000,10208.83000000,1632360839999,1504005.22720000,3674,5608.59000000,826145.81880000,0
1632360840000,147.37000000,147.44000000,146.80000000,147.40000000,2254.10000000,1632360899999,331634.69350000,714,594.05000000,87428.85070000,0
1632360900000,147.36000000,147.38000000,147.00000000,147.28000000,1458.46000000,1632360959999,214635.26730000,465,690.35000000,101578.96680000,0
1632360960000,147.28000000,147.35000000,147.10000000,147.11000000,472.16000000,1632361019999,69498.16610000,293,143.59000000,21138.82030000,0
1632361020000,147.11000000,147.50000000,147.05000000,147.29000000,1720.31000000,1632361079999,253351.80940000,497,736.09000000,108385.36520000,0
1632361080000,147.25000000,147.51000000,147.21000000,147.34000000,1770.35000000,1632361139999,260905.79430000,434,864.99000000,127489.60820000,0
1632361140000,147.34000000,147.56000000,147.11000000,147.49000000,1615.95000000,1632361199999,237982.78910000,487,1030.86000000,151804.23780000,0
1632361200000,147.56000000,147.96000000,147.41000000,147.65000000,10796.90000000,1632361259999,1594395.31660000,1297,1692.69000000,250090.39260000,0
1632361260000,147.63000000,147.66000000,146.86000000,146.91000000,2792.65000000,1632361319999,411057.17780000,693,1342.57000000,197722.14040000,0
1632361320000,146.92000000,147.04000000,146.61000000,146.79000000,2196.44000000,1632361379999,322445.29150000,570,1111.13000000,163121.35350000,0
1632361380000,146.75000000,146.94000000,146.59000000,146.61000000,2113.81000000,1632361439999,310145.51440000,558,656.62000000,96375.02750000,0
1632361440000,146.60000000,146.83000000,146.53000000,146.70000000,1201.67000000,1632361499999,176241.55680000,400,673.65000000,98802.67870000,0
1632361500000,146.68000000,147.02000000,146.44000000,146.49000000,2139.56000000,1632361559999,313927.57100000,663,895.87000000,131503.77180000,0
1632361560000,146.48000000,146.69000000,146.07000000,146.15000000,6260.81000000,1632361619999,916403.79390000,838,2232.26000000,326697.52000000,0
1632361620000,146.16000000,146.41000000,146.11000000,146.12000000,2601.00000000,1632361679999,380332.23050000,1154,1982.38000000,289888.25580000,0
1632361680000,146.20000000,146.81000000,146.19000000,146.76000000,2154.84000000,1632361739999,315640.22850000,646,1692.21000000,247833.70340000,0
1632361740000,146.75000000,147.18000000,146.61000000,147.00000000,3698.25000000,1632361799999,543664.54810000,646,2782.36000000,409062.20600000,0
1632361800000,147.03000000,147.28000000,146.92000000,147.20000000,2263.38000000,1632361859999,332890.20840000,559,1440.14000000,211797.86340000,0
1632361860000,147.23000000,147.41000000,147.06000000,147.16000000,1641.62000000,1632361919999,241642.95580000,533,590.01000000,86862.59750000,0
1632361920000,147.19000000,147.45000000,146.93000000,147.29000000,4224.94000000,1632361979999,621864.23170000,791,2587.25000000,380735.82100000,0
1632361980000,147.31000000,147.58000000,147.11000000,147.48000000,1732.29000000,1632362039999,255393.35230000,679,970.16000000,143028.64330000,0
1632362040000,147.46000000,147.47000000,147.18000000,147.30000000,1623.81000000,1632362099999,239258.22320000,417,984.63000000,145075.65620000,0
1632362100000,147.31000000,147.42000000,147.13000000,147.13000000,1953.21000000,1632362159999,287665.26340000,533,1097.68000000,161672.48060000,0
1632362160000,147.18000000,147.18000000,146.86000000,146.89000000,1540.39000000,1632362219999,226405.44340000,445,930.81000000,136805.28100000,0
1632362220000,146.89000000,147.31000000,146.89000000,147.11000000,2043.94000000,1632362279999,300742.50380000,487,1425.63000000,209755.17690000,0
1632362280000,147.12000000,147.25000000,146.91000000,147.03000000,1322.56000000,1632362339999,194516.26040000,414,1026.22000000,150938.16580000,0
1632362340000,147.03000000,147.35000000,147.00000000,147.35000000,1538.08000000,1632362399999,226364.09870000,316,1132.33000000,166639.37960000,0
1632362400000,147.33000000,147.47000000,147.13000000,147.21000000,2013.71000000,1632362459999,296676.31010000,358,653.06000000,96232.82860000,0
1632362460000,147.20000000,147.20000000,146.72000000,147.08000000,2609.07000000,1632362519999,383284.33690000,449,1108.94000000,162910.11800000,0
1632362520000,147.04000000,147.04000000,146.29000000,146.32000000,2628.85000000,1632362579999,385334.29040000,607,871.74000000,127875.09380000,0
1632362580000,146.28000000,146.61000000,145.90000000,146.16000000,3243.62000000,1632362639999,474174.85980000,831,1418.46000000,207359.59160000,0
1632362640000,146.16000000,146.48000000,145.92000000,146.30000000,2813.79000000,1632362699999,411276.79220000,452,1549.95000000,226530.68530000,0
1632362700000,146.29000000,146.48000000,146.09000000,146.41000000,2422.10000000,1632362759999,354440.70100000,436,1022.44000000,149577.76500000,0
1632362760000,146.43000000,146.62000000,146.35000000,146.57000000,1789.56000000,1632362819999,262178.52020000,362,988.77000000,144868.76980000,0
1632362820000,146.59000000,146.70000000,146.35000000,146.45000000,1238.69000000,1632362879999,181544.24800000,319,939.53000000,137713.14440000,0
1632362880000,146.42000000,146.63000000,146.31000000,146.63000000,770.92000000,1632362939999,112938.46120000,245,473.76000000,69400.44810000,0
1632362940000,146.61000000,146.61000000,146.36000000,146.41000000,731.25000000,1632362999999,107111.41630000,242,425.33000000,62302.77310000,0
1632363000000,146.41000000,146.43000000,145.99000000,146.03000000,1713.54000000,1632363059999,250480.95710000,381,659.00000000,96315.13030000,0
1632363060000,146.04000000,146.16000000,145.90000000,146.03000000,2342.51000000,1632363119999,342042.53220000,379,1025.70000000,149796.01140000,0
1632363120000,146.03000000,146.12000000,145.64000000,145.71000000,1885.09000000,1632363179999,274995.13050000,522,828.41000000,120886.64410000,0
1632363180000,145.70000000,146.01000000,145.53000000,145.76000000,2043.75000000,1632363239999,297798.41510000,1308,570.24000000,83130.75320000,0
1632363240000,145.82000000,146.19000000,145.82000000,146.01000000,1013.99000000,1632363299999,148092.76320000,287,376.35000000,54966.10510000,0
1632363300000,145.97000000,146.65000000,145.94000000,146.58000000,2964.20000000,1632363359999,433847.60860000,585,1857.30000000,271929.62110000,0
1632363360000,146.58000000,146.64000000,146.23000000,146.34000000,1045.24000000,1632363419999,153007.29670000,268,588.61000000,86158.10720000,0
1632363420000,146.33000000,146.37000000,146.03000000,146.06000000,1327.29000000,1632363479999,194094.28930000,263,258.74000000,37828.95460000,0
1632363480000,146.09000000,146.27000000,145.84000000,146.13000000,2769.82000000,1632363539999,404483.31040000,441,965.95000000,141051.57560000,0
1632363540000,146.16000000,146.33000000,145.83000000,146.04000000,3297.46000000,1632363599999,481788.06890000,459,2309.79000000,337605.65250000,0
1632363600000,146.06000000,146.48000000,146.05000000,146.44000000,982.55000000,1632363659999,143631.82630000,321,464.76000000,67961.19390000,0
1632363660000,146.47000000,146.75000000,146.31000000,146.54000000,1235.48000000,1632363719999,181096.35660000,381,768.65000000,112663.99700000,0
1632363720000,146.52000000,146.79000000,146.44000000,146.64000000,1376.36000000,1632363779999,201787.97100000,350,581.03000000,85199.34490000,0
1632363780000,146.64000000,146.94000000,146.56000000,146.86000000,2434.12000000,1632363839999,357233.84840000,402,1985.80000000,291427.99910000,0
1632363840000,146.84000000,147.02000000,146.70000000,146.88000000,2062.39000000,1632363899999,302971.39570000,385,1178.58000000,173141.68200000,0
1632363900000,146.92000000,147.19000000,146.64000000,146.65000000,2076.01000000,1632363959999,305112.42930000,467,926.41000000,136185.09230000,0
1632363960000,146.64000000,146.68000000,146.20000000,146.26000000,3594.56000000,1632364019999,526294.38370000,516,1297.83000000,189998.15110000,0
1632364020000,146.29000000,146.90000000,146.29000000,146.86000000,1854.90000000,1632364079999,272008.68650000,410,1375.16000000,201637.50450000,0
1632364080000,146.91000000,147.19000000,146.75000000,147.14000000,1946.71000000,1632364139999,286195.08440000,430,1296.69000000,190660.45490000,0
1632364140000,147.15000000,147.26000000,146.90000000,147.03000000,1936.19000000,1632364199999,284829.64200000,572,989.65000000,145582.63540000,0
1632364200000,147.02000000,147.19000000,146.76000000,147.02000000,1857.73000000,1632364259999,273004.35180000,382,881.76000000,129598.26410000,0
1632364260000,147.02000000,147.41000000,146.95000000,147.31000000,3513.20000000,1632364319999,517418.48640000,597,2612.80000000,384815.70150000,0
1632364320000,147.31000000,147.46000000,147.11000000,147.40000000,1747.21000000,1632364379999,257395.00880000,483,1035.26000000,152522.78960000,0
1632364380000,147.42000000,147.69000000,147.42000000,147.47000000,1987.89000000,1632364439999,293349.72750000,725,950.41000000,140249.93840000,0
1632364440000,147.48000000,147.49000000,147.07000000,147.31000000,1838.06000000,1632364499999,270701.90320000,454,1158.22000000,170565.04710000,0
1632364500000,147.30000000,147.80000000,147.28000000,147.66000000,2561.72000000,1632364559999,378257.12550000,1307,1850.32000000,273256.18740000,0
1632364560000,147.67000000,147.90000000,147.59000000,147.86000000,1988.02000000,1632364619999,293792.57730000,531,1090.81000000,161221.07810000,0
1632364620000,147.87000000,147.87000000,147.40000000,147.76000000,3772.58000000,1632364679999,557002.27280000,422,1035.05000000,152781.13460000,0
1632364680000,147.74000000,147.78000000,147.41000000,147.77000000,2417.26000000,1632364739999,356901.85310000,386,1310.88000000,193560.42590000,0
1632364740000,147.77000000,148.15000000,147.60000000,148.06000000,3234.66000000,1632364799999,478450.97130000,1202,2275.19000000,336580.77620000,0
1632364800000,148.07000000,148.40000000,147.90000000,148.40000000,3246.87000000,1632364859999,481064.64370000,1473,1987.26000000,294470.22970000,0
1632364860000,148.38000000,148.66000000,148.08000000,148.51000000,3757.96000000,1632364919999,557673.78540000,990,2829.22000000,419898.09380000,0
1632364920000,148.52000000,148.58000000,148.11000000,148.21000000,4291.29000000,1632364979999,637009.56670000,647,1299.79000000,192859.05370000,0
1632364980000,148.20000000,149.00000000,148.20000000,148.87000000,4110.84000000,1632365039999,611690.23340000,1430,2795.18000000,416022.69350000,0
1632365040000,148.87000000,148.94000000,148.35000000,148.40000000,6543.76000000,1632365099999,972661.85790000,823,2455.01000000,364994.56130000,0
1632365100000,148.43000000,148.59000000,147.98000000,148.00000000,6488.28000000,1632365159999,961756.72030000,805,4116.46000000,610170.19190000,0
1632365160000,148.00000000,148.00000000,147.54000000,147.83000000,6184.74000000,1632365219999,913935.64650000,812,2553.62000000,377276.45690000,0
1632365220000,147.85000000,147.89000000,147.47000000,147.52000000,2015.42000000,1632365279999,297507.50420000,578,1111.46000000,164068.45550000,0
1632365280000,147.55000000,147.62000000,147.35000000,147.62000000,3783.42000000,1632365339999,557862.89340000,615,2552.76000000,376405.84520000,0
1632365340000,147.61000000,147.66000000,147.47000000,147.50000000,1205.86000000,1632365399999,177919.12890000,313,365.97000000,54005.07820000,0
1632365400000,147.49000000,147.50000000,147.24000000,147.41000000,1589.50000000,1632365459999,234241.40430000,460,860.16000000,126747.69730000,0
1632365460000,147.42000000,147.55000000,147.27000000,147.34000000,809.85000000,1632365519999,119369.02800000,299,426.30000000,62836.62700000,0
1632365520000,147.38000000,147.46000000,147.27000000,147.36000000,1284.14000000,1632365579999,189257.19610000,236,1030.51000000,151882.29530000,0
1632365580000,147.32000000,147.79000000,147.32000000,147.66000000,1547.08000000,1632365639999,228312.45790000,410,1009.95000000,149020.24360000,0
1632365640000,147.71000000,147.74000000,147.44000000,147.53000000,1306.73000000,1632365699999,192830.27670000,293,714.39000000,105443.77830000,0
1632365700000,147.53000000,147.54000000,147.27000000,147.29000000,979.91000000,1632365759999,144431.06760000,325,379.23000000,55896.28400000,0
1632365760000,147.28000000,147.44000000,147.22000000,147.28000000,1094.26000000,1632365819999,161194.52470000,302,521.55000000,76821.34950000,0
1632365820000,147.28000000,147.35000000,147.10000000,147.21000000,4488.83000000,1632365879999,660563.96330000,420,1092.16000000,160815.28760000,0
1632365880000,147.20000000,147.20000000,146.84000000,146.86000000,2826.90000000,1632365939999,415492.18140000,614,841.77000000,123696.21350000,0
1632365940000,146.86000000,147.22000000,146.82000000,147.22000000,1056.42000000,1632365999999,155294.14690000,532,648.25000000,95277.30430000,0
1632366000000,147.21000000,147.71000000,147.21000000,147.55000000,2438.44000000,1632366059999,359724.52000000,447,1478.34000000,218099.29900000,0
1632366060000,147.52000000,147.52000000,146.70000000,146.75000000,3273.45000000,1632366119999,481218.46000000,538,1062.28000000,156157.62250000,0
1632366120000,146.79000000,146.86000000,146.50000000,146.53000000,2467.50000000,1632366179999,361866.20630000,526,962.53000000,141183.20890000,0
1632366180000,146.54000000,146.74000000,146.31000000,146.61000000,3105.12000000,1632366239999,454881.05920000,780,985.80000000,144445.08770000,0
1632366240000,146.60000000,147.27000000,146.53000000,147.03000000,2695.02000000,1632366299999,396126.82650000,507,1793.20000000,263604.18310000,0
1632366300000,147.03000000,147.07000000,146.57000000,146.68000000,1815.28000000,1632366359999,266469.16740000,360,528.74000000,77605.89650000,0
1632366360000,146.66000000,146.90000000,146.58000000,146.76000000,2013.81000000,1632366419999,295497.19480000,246,1448.56000000,212529.80120000,0
1632366420000,146.77000000,146.88000000,146.65000000,146.80000000,805.01000000,1632366479999,118122.00340000,143,226.68000000,33256.74540000,0
1632366480000,146.82000000,146.88000000,146.57000000,146.64000000,979.43000000,1632366539999,143659.86560000,227,442.53000000,64900.82310000,0
1632366540000,146.62000000,146.63000000,146.03000000,146.32000000,7115.90000000,1632366599999,1040702.18850000,836,1409.03000000,206160.22330000,0
1632366600000,146.32000000,146.54000000,146.20000000,146.53000000,1182.89000000,1632366659999,173116.64420000,912,528.10000000,77301.92910000,0
1632366660000,146.52000000,146.52000000,146.14000000,146.18000000,1646.07000000,1632366719999,240803.44960000,289,599.34000000,87672.67600000,0
1632366720000,146.17000000,146.62000000,146.17000000,146.59000000,4548.08000000,1632366779999,665341.59440000,362,3063.54000000,448045.01720000,0
1632366780000,146.60000000,146.62000000,146.31000000,146.44000000,2595.11000000,1632366839999,379968.53630000,355,896.66000000,131278.04340000,0
1632366840000,146.44000000,147.00000000,146.44000000,146.83000000,1920.31000000,1632366899999,281872.69310000,422,1230.84000000,180647.90660000,0
1632366900000,146.86000000,146.88000000,146.57000000,146.58000000,1455.92000000,1632366959999,213635.37020000,342,570.95000000,83785.51980000,0
1632366960000,146.57000000,147.46000000,146.45000000,147.33000000,5900.00000000,1632367019999,867621.46280000,883,3850.14000000,566003.07270000,0
1632367020000,147.37000000,147.98000000,147.29000000,147.96000000,3820.97000000,1632367079999,564558.55040000,919,2466.66000000,364501.00160000,0
1632367080000,147.96000000,148.30000000,147.81000000,148.27000000,6389.05000000,1632367139999,946217.02600000,1635,3969.56000000,587926.83030000,0
1632367140000,148.26000000,148.34000000,147.83000000,148.29000000,5307.27000000,1632367199999,785948.30890000,761,2202.54000000,326103.93090000,0
1632367200000,148.29000000,148.99000000,148.29000000,148.70000000,5636.58000000,1632367259999,838061.68550000,1771,3001.39000000,446170.19200000,0
1632367260000,148.70000000,149.00000000,148.59000000,148.73000000,6151.41000000,1632367319999,915442.02090000,748,3254.98000000,484465.66480000,0
1632367320000,148.72000000,148.84000000,148.39000000,148.62000000,3868.60000000,1632367379999,574903.09730000,656,1460.97000000,217143.01030000,0
1632367380000,148.63000000,148.87000000,148.38000000,148.87000000,4324.74000000,1632367439999,642566.12290000,547,2647.75000000,393390.69840000,0
1632367440000,148.87000000,149.20000000,148.71000000,149.19000000,6581.74000000,1632367499999,980115.03150000,1074,4439.91000000,661191.84310000,0
1632367500000,149.19000000,149.30000000,148.96000000,149.30000000,5086.19000000,1632367559999,758736.99730000,1081,2471.52000000,368701.30190000,0
1632367560000,149.24000000,149.30000000,148.71000000,149.26000000,6727.56000000,1632367619999,1002710.34200000,1056,2649.30000000,394981.59380000,0
1632367620000,149.27000000,149.98000000,149.17000000,149.68000000,13932.70000000,1632367679999,2084592.10020000,5507,7665.69000000,1146875.06840000,0
1632367680000,149.68000000,149.80000000,148.91000000,149.43000000,17767.00000000,1632367739999,2649097.57290000,2733,10546.53000000,1571971.34990000,0
1632367740000,149.41000000,149.88000000,149.15000000,149.74000000,10586.93000000,1632367799999,1582951.45810000,906,2941.23000000,439859.07220000,0
1632367800000,149.72000000,149.87000000,149.25000000,149.46000000,3872.46000000,1632367859999,578937.22020000,610,2577.25000000,385258.76960000,0
1632367860000,149.46000000,149.82000000,149.34000000,149.61000000,3556.51000000,1632367919999,532060.12610000,643,1954.70000000,292412.29000000,0
1632367920000,149.57000000,149.83000000,149.54000000,149.62000000,2509.45000000,1632367979999,375657.62990000,568,918.59000000,137509.69400000,0
1632367980000,149.69000000,149.77000000,149.23000000,149.55000000,4311.24000000,1632368039999,644554.01150000,708,1645.09000000,245983.78070000,0
1632368040000,149.60000000,149.65000000,149.00000000,149.41000000,2908.03000000,1632368099999,434144.60840000,593,1151.30000000,171827.50380000,0
1632368100000,149.37000000,149.60000000,149.03000000,149.10000000,3963.19000000,1632368159999,592113.04030000,526,2377.63000000,355340.14890000,0
1632368160000,149.10000000,149.21000000,148.74000000,148.97000000,2441.47000000,1632368219999,363781.00950000,564,1319.76000000,196635.79440000,0
1632368220000,148.92000000,148.92000000,148.61000000,148.66000000,1445.20000000,1632368279999,214959.07050000,453,524.60000000,78045.88180000,0
1632368280000,148.64000000,149.13000000,148.49000000,149.09000000,4013.83000000,1632368339999,596922.00350000,688,1928.56000000,286976.88720000,0
1632368340000,149.09000000,149.24000000,148.83000000,149.19000000,4023.13000000,1632368399999,599507.05670000,575,2553.73000000,380555.68400000,0
1632368400000,149.18000000,149.18000000,148.92000000,149.13000000,1358.85000000,1632368459999,202519.70640000,261,578.05000000,86176.98200000,0
1632368460000,149.11000000,149.12000000,148.79000000,149.10000000,2262.23000000,1632368519999,336962.85120000,406,1436.78000000,214019.12930000,0
1632368520000,149.10000000,149.11000000,148.85000000,149.01000000,927.11000000,1632368579999,138122.84780000,255,492.73000000,73400.47280000,0
1632368580000,149.01000000,149.42000000,148.79000000,149.07000000,3570.11000000,1632368639999,532274.54100000,522,1691.92000000,252406.61140000,0
1632368640000,149.07000000,149.29000000,148.93000000,149.09000000,1399.47000000,1632368699999,208666.19250000,299,483.93000000,72181.15940000,0
1632368700000,149.10000000,149.13000000,148.77000000,148.99000000,1287.64000000,1632368759999,191767.83370000,343,649.34000000,96715.01960000,0
1632368760000,148.98000000,149.36000000,148.94000000,149.10000000,2327.60000000,1632368819999,347215.86030000,430,1573.79000000,234758.18310000,0
1632368820000,149.08000000,149.18000000,148.92000000,148.97000000,833.10000000,1632368879999,124172.63080000,259,409.40000000,61023.55390000,0
1632368880000,148.93000000,149.29000000,148.82000000,148.92000000,4129.11000000,1632368939999,615440.42600000,432,2195.04000000,327275.93620000,0
1632368940000,148.94000000,148.94000000,148.54000000,148.58000000,1741.15000000,1632368999999,258998.54920000,363,652.80000000,97087.01790000,0
1632369000000,148.58000000,149.04000000,148.44000000,148.87000000,3573.37000000,1632369059999,531213.68430000,456,1764.43000000,262456.66680000,0
1632369060000,148.88000000,149.20000000,148.83000000,149.01000000,2366.33000000,1632369119999,352719.89190000,398,1448.41000000,215908.84960000,0
1632369120000,149.02000000,149.11000000,148.77000000,148.93000000,1799.64000000,1632369179999,268112.35260000,322,1108.92000000,165203.90250000,0
1632369180000,148.92000000,149.00000000,148.74000000,148.91000000,1221.65000000,1632369239999,181809.38820000,230,320.66000000,47734.41710000,0
1632369240000,148.93000000,149.02000000,148.79000000,148.96000000,1388.11000000,1632369299999,206670.27710000,293,827.21000000,123180.60670000,0
1632369300000,148.96000000,149.37000000,148.96000000,149.21000000,2393.21000000,1632369359999,357154.14430000,443,1696.68000000,253204.62330000,0
1632369360000,149.20000000,149.45000000,149.07000000,149.35000000,2457.95000000,1632369419999,366930.68890000,474,1216.00000000,181555.13750000,0
1632369420000,149.32000000,149.33000000,148.85000000,148.87000000,1183.93000000,1632369479999,176528.38320000,295,592.35000000,88336.07670000,0
1632369480000,148.89000000,149.07000000,148.76000000,148.80000000,3145.91000000,1632369539999,468382.08400000,521,985.14000000,146695.06470000,0
1632369540000,148.81000000,148.82000000,148.56000000,148.58000000,1475.37000000,1632369599999,219368.90760000,336,438.70000000,65224.20540000,0
1632369600000,148.61000000,149.12000000,148.61000000,148.69000000,4237.56000000,1632369659999,631154.74260000,568,2349.15000000,349897.74810000,0
1632369660000,148.68000000,148.79000000,148.52000000,148.63000000,2783.63000000,1632369719999,413736.53200000,422,1271.57000000,188999.02910000,0
1632369720000,148.62000000,149.05000000,148.41000000,149.04000000,1863.84000000,1632369779999,277214.56300000,419,934.81000000,139142.94100000,0
1632369780000,149.03000000,149.57000000,148.91000000,149.37000000,5351.21000000,1632369839999,798979.21290000,725,3264.66000000,487505.16840000,0
1632369840000,149.39000000,149.41000000,149.12000000,149.12000000,2252.44000000,1632369899999,336241.94880000,376,1466.81000000,218962.02510000,0
1632369900000,149.12000000,149.89000000,148.97000000,149.68000000,4141.55000000,1632369959999,619336.60790000,685,1801.47000000,269278.96850000,0
1632369960000,149.65000000,150.08000000,149.58000000,149.83000000,10906.82000000,1632370019999,1635566.76300000,2218,6605.40000000,990492.96410000,0
1632370020000,149.77000000,149.99000000,149.64000000,149.66000000,2859.55000000,1632370079999,428425.56300000,513,1137.40000000,170447.52540000,0
1632370080000,149.65000000,149.73000000,149.34000000,149.71000000,3132.16000000,1632370139999,468431.62090000,598,721.83000000,107991.44470000,0
1632370140000,149.72000000,149.80000000,149.46000000,149.68000000,1285.02000000,1632370199999,192296.21500000,348,651.77000000,97534.26290000,0
1632370200000,149.69000000,149.70000000,149.19000000,149.20000000,1930.02000000,1632370259999,288278.44340000,418,763.39000000,114079.90170000,0
1632370260000,149.24000000,149.59000000,149.10000000,149.50000000,1998.95000000,1632370319999,298530.89930000,457,1106.65000000,165286.49930000,0
1632370320000,149.47000000,149.84000000,149.39000000,149.71000000,2310.68000000,1632370379999,345794.14990000,291,1880.64000000,281448.57540000,0
1632370380000,149.64000000,149.86000000,149.41000000,149.51000000,1456.12000000,1632370439999,217950.40710000,332,758.09000000,113465.46850000,0
1632370440000,149.53000000,149.53000000,149.12000000,149.22000000,1942.33000000,1632370499999,289987.66710000,360,501.53000000,74885.94040000,0
1632370500000,149.21000000,149.43000000,149.13000000,149.32000000,1407.67000000,1632370559999,210127.51290000,337,701.37000000,104691.16650000,0
1632370560000,149.31000000,149.39000000,149.08000000,149.29000000,2064.68000000,1632370619999,308143.45190000,394,1016.53000000,151740.96420000,0
1632370620000,149.31000000,149.39000000,148.78000000,148.78000000,2896.69000000,1632370679999,431794.00730000,609,1228.14000000,183133.80710000,0
1632370680000,148.84000000,149.00000000,148.80000000,148.94000000,1655.38000000,1632370739999,246473.40020000,336,901.02000000,134173.81470000,0
1632370740000,148.89000000,148.90000000,148.00000000,148.14000000,8151.02000000,1632370799999,1209460.42940000,3106,1747.52000000,259246.82250000,0
1632370800000,148.17000000,148.58000000,148.04000000,148.47000000,1838.46000000,1632370859999,272666.56050000,441,899.12000000,133371.26340000,0
1632370860000,148.46000000,148.49000000,148.26000000,148.37000000,1559.63000000,1632370919999,231410.51540000,306,610.40000000,90565.13080000,0
1632370920000,148.31000000,148.42000000,148.01000000,148.23000000,2607.30000000,1632370979999,386464.51850000,520,908.17000000,134616.80510000,0
1632370980000,148.23000000,148.30000000,147.87000000,148.29000000,3673.37000000,1632371039999,544000.80840000,797,1918.40000000,284129.11460000,0
1632371040000,148.30000000,148.58000000,148.29000000,148.49000000,2321.90000000,1632371099999,344689.29770000,378,1596.44000000,236984.68590000,0
1632371100000,148.50000000,148.63000000,148.29000000,148.38000000,1399.40000000,1632371159999,207773.42290000,338,782.46000000,116178.10020000,0
1632371160000,148.37000000,148.57000000,148.25000000,148.49000000,1507.50000000,1632371219999,223688.96240000,319,791.15000000,117433.75520000,0
1632371220000,148.49000000,148.63000000,148.44000000,148.46000000,1492.83000000,1632371279999,221740.69180000,326,658.80000000,97847.65270000,0
1632371280000,148.45000000,148.68000000,148.30000000,148.53000000,2690.21000000,1632371339999,399331.13620000,295,575.56000000,85476.34760000,0
1632371340000,148.52000000,148.60000000,148.38000000,148.59000000,1071.78000000,1632371399999,159175.20800000,301,423.00000000,62831.23340000,0
1632371400000,148.60000000,148.72000000,148.45000000,148.51000000,2307.88000000,1632371459999,342872.40670000,310,1405.36000000,208799.24590000,0
1632371460000,148.50000000,148.60000000,148.34000000,148.40000000,1715.17000000,1632371519999,254610.64700000,356,1159.71000000,172169.59750000,0
1632371520000,148.39000000,148.77000000,148.37000000,148.74000000,2209.51000000,1632371579999,328327.62950000,299,1501.77000000,223139.22220000,0
1632371580000,148.76000000,148.82000000,148.59000000,148.64000000,3829.82000000,1632371639999,569532.78280000,390,1468.16000000,218331.05980000,0
1632371640000,148.63000000,148.63000000,148.22000000,148.28000000,1539.34000000,1632371699999,228444.26760000,364,941.55000000,139734.36170000,0
1632371700000,148.29000000,148.31000000,148.06000000,148.09000000,2868.79000000,1632371759999,425156.41600000,413,1006.17000000,149117.51140000,0
1632371760000,148.07000000,148.46000000,148.05000000,148.45000000,2007.98000000,1632371819999,297714.93190000,299,1357.47000000,201302.80160000,0
1632371820000,148.46000000,148.72000000,148.46000000,148.55000000,395.00000000,1632371879999,58707.82970000,180,198.24000000,29461.48300000,0
1632371880000,148.54000000,148.63000000,148.37000000,148.53000000,453.87000000,1632371939999,67399.90140000,196,296.71000000,44069.14830000,0
1632371940000,148.52000000,148.86000000,148.51000000,148.80000000,2234.18000000,1632371999999,332306.19930000,413,1514.71000000,225281.32050000,0
1632372000000,148.80000000,149.35000000,148.80000000,149.08000000,5767.33000000,1632372059999,859908.91520000,843,3773.73000000,562716.24160000,0
1632372060000,149.08000000,149.33000000,149.08000000,149.17000000,1698.64000000,1632372119999,253422.80790000,347,952.97000000,142175.40530000,0
1632372120000,149.20000000,149.20000000,148.69000000,148.71000000,3257.15000000,1632372179999,485140.28550000,459,1163.76000000,173333.53760000,0
1632372180000,148.72000000,148.76000000,148.59000000,148.70000000,1333.71000000,1632372239999,198279.00650000,324,792.73000000,117850.05900000,0
1632372240000,148.68000000,148.69000000,148.44000000,148.44000000,1955.69000000,1632372299999,290526.03850000,381,453.83000000,67409.40330000,0
1632372300000,148.44000000,148.70000000,148.44000000,148.70000000,1595.49000000,1632372359999,237101.16570000,339,825.92000000,122722.50990000,0
1632372360000,148.69000000,148.69000000,148.22000000,148.30000000,4452.63000000,1632372419999,661419.90480000,498,1949.24000000,289500.73310000,0
1632372420000,148.27000000,148.33000000,148.01000000,148.06000000,2460.67000000,1632372479999,364571.22800000,489,1164.20000000,172548.77860000,0
1632372480000,148.05000000,148.08000000,147.73000000,147.82000000,3741.15000000,1632372539999,553371.60720000,694,1656.85000000,245060.06920000,0
1632372540000,147.81000000,147.82000000,147.38000000,147.52000000,2629.70000000,1632372599999,388019.40790000,940,810.96000000,119666.40050000,0
1632372600000,147.52000000,147.80000000,147.50000000,147.71000000,2174.92000000,1632372659999,321143.78550000,969,1339.95000000,197855.20510000,0
1632372660000,147.68000000,147.71000000,147.46000000,147.53000000,1684.57000000,1632372719999,248499.18430000,337,719.24000000,106102.28840000,0
1632372720000,147.53000000,147.59000000,147.02000000,147.26000000,7553.37000000,1632372779999,1111848.55060000,1118,1199.80000000,176799.30470000,0
1632372780000,147.25000000,147.60000000,147.25000000,147.53000000,2984.54000000,1632372839999,439915.27370000,575,2229.50000000,328605.88700000,0
1632372840000,147.52000000,147.58000000,147.32000000,147.43000000,1870.73000000,1632372899999,275839.64450000,422,1015.42000000,149739.41130000,0
1632372900000,147.42000000,147.47000000,146.70000000,146.88000000,11943.11000000,1632372959999,1755971.28350000,1748,4832.23000000,710851.96670000,0
1632372960000,146.87000000,147.11000000,146.86000000,147.11000000,2172.17000000,1632373019999,319336.80670000,571,1408.11000000,207019.15870000,0
1632373020000,147.07000000,147.23000000,146.97000000,147.04000000,1852.14000000,1632373079999,272439.87900000,385,1170.95000000,172266.23240000,0
1632373080000,147.04000000,147.45000000,147.04000000,147.38000000,4462.36000000,1632373139999,657041.37220000,810,2966.86000000,436837.82740000,0
1632373140000,147.33000000,147.39000000,147.13000000,147.13000000,1454.13000000,1632373199999,214116.87570000,307,742.55000000,109345.95250000,0
1632373200000,147.13000000,147.46000000,147.10000000,147.43000000,3476.42000000,1632373259999,512021.13700000,433,1817.46000000,267700.68640000,0
1632373260000,147.43000000,147.52000000,147.31000000,147.45000000,1409.98000000,1632373319999,207883.92150000,405,765.68000000,112900.46690000,0
1632373320000,147.42000000,147.47000000,147.11000000,147.14000000,1555.08000000,1632373379999,229104.10990000,333,534.55000000,78734.10420000,0
1632373380000,147.12000000,147.19000000,147.00000000,147.10000000,1462.27000000,1632373439999,215095.76360000,400,806.45000000,118641.34890000,0
1632373440000,147.10000000,147.69000000,147.10000000,147.65000000,3480.59000000,1632373499999,513260.82550000,460,2928.55000000,431885.12400000,0
1632373500000,147.66000000,147.81000000,147.58000000,147.74000000,2416.59000000,1632373559999,356941.24130000,453,1319.36000000,194846.91390000,0
1632373560000,147.73000000,148.00000000,147.65000000,147.88000000,4939.94000000,1632373619999,730233.18720000,570,2334.62000000,345256.33990000,0
1632373620000,147.89000000,148.29000000,147.86000000,148.26000000,3216.46000000,1632373679999,476185.33410000,817,2969.19000000,439564.62170000,0
1632373680000,148.29000000,148.40000000,147.93000000,147.97000000,1824.00000000,1632373739999,270287.25830000,536,714.51000000,105913.86230000,0
1632373740000,147.96000000,148.07000000,147.82000000,148.07000000,1248.17000000,1632373799999,184624.23390000,372,823.89000000,121873.57880000,0
1632373800000,148.07000000,148.24000000,147.92000000,148.10000000,1154.10000000,1632373859999,170853.94100000,344,621.81000000,92052.39840000,0
1632373860000,148.21000000,148.29000000,147.95000000,147.98000000,1299.50000000,1632373919999,192534.80020000,405,333.58000000,49420.32500000,0
1632373920000,147.99000000,148.55000000,147.99000000,148.54000000,1952.19000000,1632373979999,289483.06720000,504,1522.71000000,225792.16500000,0
1632373980000,148.55000000,148.55000000,148.28000000,148.46000000,1737.26000000,1632374039999,257921.08720000,435,886.19000000,131564.62740000,0
1632374040000,148.50000000,148.50000000,148.32000000,148.37000000,1713.90000000,1632374099999,254338.46920000,351,1012.86000000,150312.61230000,0
1632374100000,148.37000000,148.44000000,147.94000000,147.94000000,3636.39000000,1632374159999,539114.45370000,622,1958.19000000,290392.06280000,0
1632374160000,147.99000000,148.06000000,147.56000000,147.68000000,4629.44000000,1632374219999,684113.21020000,583,2012.41000000,297314.17660000,0
1632374220000,147.70000000,147.71000000,147.19000000,147.30000000,3680.82000000,1632374279999,542438.57030000,787,786.05000000,115789.25180000,0
1632374280000,147.30000000,147.46000000,147.30000000,147.45000000,977.53000000,1632374339999,144085.14210000,319,306.68000000,45208.25130000,0
1632374340000,147.46000000,147.53000000,147.06000000,147.08000000,1326.94000000,1632374399999,195484.03130000,463,567.92000000,83686.55870000,0
1632374400000,147.07000000,147.28000000,147.04000000,147.08000000,1394.69000000,1632374459999,205215.41920000,376,718.36000000,105691.06290000,0
1632374460000,147.08000000,147.18000000,146.83000000,146.90000000,2811.50000000,1632374519999,413247.61550000,611,522.06000000,76757.51220000,0
1632374520000,146.89000000,147.02000000,146.80000000,146.90000000,2008.71000000,1632374579999,295097.90240000,443,840.69000000,123526.28330000,0
1632374580000,146.92000000,146.97000000,146.27000000,146.32000000,4781.20000000,1632374639999,700875.69300000,1337,1923.91000000,282135.82690000,0
1632374640000,146.32000000,146.60000000,146.21000000,146.36000000,5144.55000000,1632374699999,753158.62410000,3137,2975.48000000,435618.96000000,0
1632374700000,146.36000000,146.75000000,146.35000000,146.65000000,1788.77000000,1632374759999,262285.99190000,512,774.33000000,113556.22410000,0
1632374760000,146.65000000,146.94000000,146.46000000,146.63000000,2559.94000000,1632374819999,375713.46780000,557,1395.53000000,204848.17550000,0
1632374820000,146.60000000,146.67000000,146.13000000,146.27000000,3180.44000000,1632374879999,465368.63260000,716,1085.67000000,158891.17020000,0
1632374880000,146.29000000,146.43000000,146.17000000,146.29000000,1491.44000000,1632374939999,218205.68000000,394,895.07000000,130950.00600000,0
1632374940000,146.25000000,146.36000000,146.17000000,146.18000000,736.44000000,1632374999999,107715.53740000,400,316.19000000,46244.94900000,0
1632375000000,146.17000000,146.18000000,145.78000000,146.00000000,6216.40000000,1632375059999,907380.47190000,1608,2070.50000000,302210.01020000,0
1632375060000,146.03000000,146.19000000,145.94000000,146.15000000,1889.58000000,1632375119999,275975.85170000,447,984.53000000,143799.43190000,0
1632375120000,146.16000000,146.18000000,145.74000000,145.88000000,3046.43000000,1632375179999,444482.73530000,566,1667.27000000,243255.71020000,0
1632375180000,145.89000000,146.10000000,145.74000000,146.10000000,3717.48000000,1632375239999,542644.16130000,803,2215.01000000,323337.64560000,0
1632375240000,146.10000000,146.22000000,145.88000000,146.15000000,2690.89000000,1632375299999,393046.47370000,598,1335.83000000,195110.32190000,0
1632375300000,146.07000000,146.15000000,145.98000000,146.03000000,1982.58000000,1632375359999,289619.19880000,415,831.28000000,121441.96310000,0
1632375360000,146.03000000,146.45000000,146.00000000,146.42000000,3418.26000000,1632375419999,499651.33290000,547,2330.60000000,340726.82080000,0
1632375420000,146.42000000,146.69000000,146.32000000,146.57000000,1903.96000000,1632375479999,278959.08090000,890,1394.38000000,204309.23710000,0
1632375480000,146.55000000,146.73000000,146.34000000,146.44000000,2204.66000000,1632375539999,323125.21300000,425,618.34000000,90667.22550000,0
1632375540000,146.48000000,146.50000000,146.07000000,146.21000000,966.43000000,1632375599999,141305.34790000,375,551.94000000,80699.67980000,0
1632375600000,146.22000000,146.60000000,146.14000000,146.57000000,1696.46000000,1632375659999,248305.75590000,383,1018.25000000,149033.64070000,0
1632375660000,146.58000000,146.69000000,146.37000000,146.43000000,1159.45000000,1632375719999,169865.17620000,408,419.94000000,61528.21600000,0
1632375720000,146.50000000,146.88000000,146.48000000,146.69000000,1398.53000000,1632375779999,205155.65980000,487,784.94000000,115159.44490000,0
1632375780000,146.73000000,146.82000000,146.66000000,146.77000000,1272.81000000,1632375839999,186749.98840000,361,400.84000000,58822.94520000,0
1632375840000,146.76000000,146.78000000,146.37000000,146.40000000,1654.01000000,1632375899999,242336.14190000,350,485.09000000,71092.42690000,0
1632375900000,146.40000000,146.71000000,146.36000000,146.55000000,1856.45000000,1632375959999,272105.67230000,465,1025.56000000,150301.76340000,0
1632375960000,146.58000000,146.58000000,146.32000000,146.36000000,2050.68000000,1632376019999,300280.42350000,382,1151.95000000,168670.64140000,0
1632376020000,146.37000000,146.43000000,146.18000000,146.41000000,1059.30000000,1632376079999,154966.12280000,402,495.01000000,72420.88100000,0
1632376080000,146.45000000,146.62000000,146.30000000,146.61000000,1220.50000000,1632376139999,178738.12450000,372,669.75000000,98087.66070000,0
1632376140000,146.61000000,146.97000000,146.54000000,146.97000000,1346.39000000,1632376199999,197565.39050000,483,642.42000000,94274.17050000,0
1632376200000,146.97000000,147.41000000,146.81000000,147.23000000,2503.17000000,1632376259999,368173.95830000,692,1749.10000000,257214.86490000,0
1632376260000,147.22000000,147.49000000,147.00000000,147.06000000,2123.49000000,1632376319999,312723.24750000,541,998.38000000,147011.23460000,0
1632376320000,147.03000000,147.08000000,146.82000000,146.83000000,1568.06000000,1632376379999,230481.61460000,367,677.10000000,99531.75110000,0
1632376380000,146.80000000,147.14000000,146.78000000,146.88000000,2411.95000000,1632376439999,354535.34460000,504,1553.09000000,228251.45910000,0
1632376440000,146.88000000,147.00000000,146.60000000,146.94000000,1495.38000000,1632376499999,219452.24250000,395,601.64000000,88271.58500000,0
1632376500000,146.95000000,147.10000000,146.84000000,146.86000000,1011.99000000,1632376559999,148747.71140000,346,496.44000000,72980.86490000,0
1632376560000,146.87000000,147.00000000,146.83000000,146.96000000,643.44000000,1632376619999,94535.33290000,253,392.90000000,57722.99020000,0
1632376620000,146.95000000,147.21000000,146.95000000,147.09000000,1041.12000000,1632376679999,153100.65970000,325,697.72000000,102580.34000000,0
1632376680000,147.05000000,147.57000000,147.05000000,147.28000000,3618.40000000,1632376739999,533356.76490000,646,1633.62000000,240809.41660000,0
1632376740000,147.28000000,147.35000000,146.89000000,147.06000000,1261.52000000,1632376799999,185610.00340000,331,771.98000000,113618.56530000,0
1632376800000,147.06000000,147.20000000,147.05000000,147.09000000,1601.73000000,1632376859999,235664.76060000,277,911.78000000,134158.59680000,0
1632376860000,147.07000000,147.16000000,146.94000000,147.16000000,1230.62000000,1632376919999,180932.17250000,330,623.62000000,91683.78480000,0
1632376920000,147.14000000,147.19000000,146.94000000,146.97000000,1326.95000000,1632376979999,195169.62970000,320,547.62000000,80550.60720000,0
1632376980000,147.03000000,147.03000000,146.85000000,146.95000000,1204.13000000,1632377039999,176917.04310000,352,698.35000000,102604.71310000,0
1632377040000,146.96000000,147.00000000,146.78000000,146.78000000,1020.69000000,1632377099999,149922.39680000,294,684.20000000,100491.26440000,0
1632377100000,146.79000000,146.89000000,146.55000000,146.75000000,3727.34000000,1632377159999,546741.46060000,582,1862.13000000,273140.20660000,0
1632377160000,146.72000000,147.26000000,146.67000000,147.24000000,3048.52000000,1632377219999,448090.93280000,589,2422.83000000,356082.96890000,0
1632377220000,147.22000000,147.42000000,147.21000000,147.26000000,3027.60000000,1632377279999,445980.56880000,651,1630.46000000,240192.83950000,0
1632377280000,147.23000000,147.36000000,147.02000000,147.26000000,1901.02000000,1632377339999,279833.84930000,351,1190.30000000,175236.89680000,0
1632377340000,147.26000000,147.40000000,147.26000000,147.39000000,1164.70000000,1632377399999,171631.73890000,340,693.06000000,102125.22530000,0
1632377400000,147.39000000,147.42000000,147.01000000,147.01000000,2330.13000000,1632377459999,343044.78100000,350,722.28000000,106340.88510000,0
1632377460000,147.03000000,147.26000000,146.90000000,146.99000000,1590.33000000,1632377519999,233864.20240000,405,708.13000000,104149.83440000,0
1632377520000,146.96000000,146.97000000,146.54000000,146.55000000,1160.35000000,1632377579999,170224.54680000,352,353.69000000,51908.82450000,0
1632377580000,146.60000000,146.89000000,146.58000000,146.64000000,1329.98000000,1632377639999,195128.35400000,388,595.35000000,87345.86130000,0
1632377640000,146.64000000,146.81000000,146.36000000,146.73000000,2217.31000000,1632377699999,324921.23890000,513,843.04000000,123564.68310000,0
1632377700000,146.74000000,147.25000000,146.74000000,147.25000000,3243.93000000,1632377759999,476891.34960000,494,2699.11000000,396773.33110000,0
1632377760000,147.25000000,147.39000000,147.05000000,147.21000000,2023.26000000,1632377819999,297887.51150000,437,946.24000000,139325.24590000,0
1632377820000,147.21000000,147.34000000,146.92000000,147.33000000,1489.44000000,1632377879999,219212.52700000,397,1128.38000000,166070.74600000,0
1632377880000,147.33000000,147.39000000,147.12000000,147.12000000,1404.20000000,1632377939999,206777.10590000,293,875.32000000,128902.31360000,0
1632377940000,147.13000000,147.31000000,147.09000000,147.30000000,1222.88000000,1632377999999,180051.47240000,336,662.84000000,97580.25980000,0
1632378000000,147.32000000,147.34000000,147.01000000,147.13000000,2421.00000000,1632378059999,356331.05950000,308,571.32000000,84089.97010000,0
1632378060000,147.10000000,147.49000000,147.07000000,147.41000000,2897.24000000,1632378119999,426867.51410000,521,2203.63000000,324668.79450000,0
1632378120000,147.41000000,147.87000000,147.32000000,147.47000000,8000.82000000,1632378179999,1181358.77330000,1343,5304.31000000,783195.96340000,0
1632378180000,147.46000000,148.40000000,147.42000000,148.34000000,26612.80000000,1632378239999,3938448.53740000,2562,11262.22000000,1668043.36980000,0
1632378240000,148.32000000,148.40000000,147.59000000,147.78000000,7856.99000000,1632378299999,1162082.59970000,924,3282.18000000,485550.46530000,0
1632378300000,147.79000000,147.89000000,147.44000000,147.75000000,5965.86000000,1632378359999,880562.72810000,691,1019.63000000,150541.62440000,0
1632378360000,147.74000000,148.38000000,147.71000000,148.34000000,8123.36000000,1632378419999,1202872.76790000,835,5269.10000000,780155.15260000,0
1632378420000,148.30000000,148.40000000,148.11000000,148.39000000,4279.46000000,1632378479999,634502.50230000,490,3087.80000000,457814.19970000,0
1632378480000,148.39000000,148.40000000,148.04000000,148.22000000,1876.74000000,1632378539999,278174.38570000,392,1228.91000000,182161.67460000,0
1632378540000,148.20000000,148.47000000,148.17000000,148.37000000,3542.08000000,1632378599999,525404.71540000,623,2104.24000000,312154.72280000,0
1632378600000,148.38000000,148.46000000,147.98000000,148.45000000,2034.52000000,1632378659999,301550.16720000,429,947.96000000,140566.92060000,0
1632378660000,148.41000000,148.99000000,148.36000000,148.92000000,4475.60000000,1632378719999,665735.59400000,1840,2747.05000000,408631.86800000,0
1632378720000,148.96000000,148.98000000,148.52000000,148.87000000,2759.43000000,1632378779999,410578.56970000,627,1063.59000000,158243.06880000,0
1632378780000,148.87000000,148.93000000,148.53000000,148.64000000,1341.51000000,1632378839999,199527.89900000,471,796.69000000,118517.04370000,0
1632378840000,148.60000000,148.95000000,148.60000000,148.87000000,1437.99000000,1632378899999,214017.42310000,412,886.85000000,132002.81060000,0
1632378900000,148.91000000,148.96000000,148.75000000,148.88000000,1937.74000000,1632378959999,288484.73320000,340,481.99000000,71752.48050000,0
1632378960000,148.88000000,148.96000000,148.80000000,148.85000000,1147.67000000,1632379019999,170867.37840000,289,903.84000000,134572.56830000,0
1632379020000,148.86000000,149.14000000,148.73000000,149.12000000,3738.78000000,1632379079999,556992.46300000,1051,2595.89000000,386745.58710000,0
1632379080000,149.12000000,149.35000000,148.81000000,149.20000000,3901.98000000,1632379139999,581859.52320000,1429,2276.63000000,339521.56630000,0
1632379140000,149.18000000,149.25000000,148.92000000,149.08000000,1882.13000000,1632379199999,280608.63140000,520,1247.81000000,186043.34050000,0
1632379200000,149.05000000,149.05000000,148.72000000,148.96000000,2457.82000000,1632379259999,365845.58570000,456,1836.73000000,273406.32770000,0
1632379260000,148.96000000,149.25000000,148.48000000,148.68000000,7560.83000000,1632379319999,1125798.63230000,1025,4861.11000000,724071.20230000,0
1632379320000,148.64000000,148.67000000,148.27000000,148.37000000,2981.87000000,1632379379999,442582.73800000,569,1484.98000000,220399.72320000,0
1632379380000,148.37000000,148.63000000,148.35000000,148.50000000,1242.07000000,1632379439999,184440.64940000,483,734.66000000,109106.84830000,0
1632379440000,148.48000000,148.76000000,148.33000000,148.62000000,2005.09000000,1632379499999,297951.13270000,429,1460.67000000,217111.32690000,0
1632379500000,148.63000000,148.63000000,148.26000000,148.34000000,1279.20000000,1632379559999,189834.79810000,400,704.00000000,104473.05540000,0
1632379560000,148.30000000,148.39000000,148.05000000,148.38000000,2482.07000000,1632379619999,367916.89970000,606,1601.40000000,237390.17880000,0
1632379620000,148.34000000,148.68000000,148.34000000,148.54000000,2022.81000000,1632379679999,300519.34480000,440,773.32000000,114868.68630000,0
1632379680000,148.54000000,148.71000000,148.49000000,148.59000000,2086.31000000,1632379739999,310004.94870000,308,515.08000000,76556.35180000,0
1632379740000,148.54000000,148.60000000,148.33000000,148.34000000,2704.63000000,1632379799999,401520.62420000,422,716.24000000,106301.94570000,0
1632379800000,148.35000000,149.35000000,148.29000000,149.24000000,5807.68000000,1632379859999,865201.52680000,989,4042.24000000,602069.84830000,0
1632379860000,149.23000000,149.70000000,149.10000000,149.37000000,6202.27000000,1632379919999,926788.09670000,2411,4112.81000000,614473.97230000,0
1632379920000,149.34000000,149.45000000,149.00000000,149.18000000,6364.32000000,1632379979999,950183.78540000,767,1887.98000000,281827.54400000,0
1632379980000,149.18000000,149.18000000,148.68000000,148.81000000,1970.95000000,1632380039999,293546.07030000,609,693.40000000,103261.41410000,0
1632380040000,148.87000000,149.12000000,148.68000000,148.86000000,1552.92000000,1632380099999,231143.47360000,428,662.31000000,98591.41380000,0
1632380100000,148.87000000,149.25000000,148.87000000,149.12000000,2185.77000000,1632380159999,325983.05260000,491,1234.29000000,184086.64650000,0
1632380160000,149.12000000,149.28000000,148.94000000,149.19000000,2116.08000000,1632380219999,315508.26230000,448,1096.46000000,163488.45710000,0
1632380220000,149.22000000,149.59000000,149.15000000,149.37000000,4237.61000000,1632380279999,633025.53240000,772,2823.87000000,421801.00880000,0
1632380280000,149.36000000,149.95000000,149.35000000,149.65000000,9828.52000000,1632380339999,1471468.92180000,2911,7356.65000000,1101526.33190000,0
1632380340000,149.66000000,149.67000000,149.08000000,149.22000000,4528.61000000,1632380399999,676139.74470000,891,1817.03000000,271255.08310000,0
1632380400000,149.20000000,149.44000000,148.86000000,148.87000000,2668.26000000,1632380459999,397965.49420000,525,1357.72000000,202535.71470000,0
1632380460000,148.87000000,149.10000000,148.75000000,148.85000000,4909.63000000,1632380519999,731108.22430000,557,2658.17000000,395908.72640000,0
1632380520000,148.87000000,148.89000000,148.63000000,148.64000000,5097.91000000,1632380579999,758485.49580000,420,3234.69000000,481303.66290000,0
1632380580000,148.67000000,148.98000000,148.63000000,148.84000000,4564.16000000,1632380639999,679154.96160000,519,2854.35000000,424703.59230000,0
1632380640000,148.84000000,149.23000000,148.67000000,149.14000000,2600.08000000,1632380699999,387144.13360000,490,1675.22000000,249432.59930000,0
1632380700000,149.14000000,149.20000000,148.77000000,149.01000000,5129.62000000,1632380759999,764271.73860000,671,2124.93000000,316496.54970000,0
1632380760000,149.04000000,149.13000000,148.81000000,149.04000000,1649.59000000,1632380819999,245779.71230000,381,898.40000000,133846.44960000,0
1632380820000,149.05000000,149.10000000,148.87000000,149.08000000,1566.60000000,1632380879999,233436.03180000,347,659.74000000,98292.86720000,0
1632380880000,149.06000000,149.22000000,149.02000000,149.22000000,1123.11000000,1632380939999,167494.87960000,252,669.20000000,99808.92350000,0
1632380940000,149.23000000,149.64000000,149.16000000,149.41000000,2083.90000000,1632380999999,311301.04780000,486,1347.37000000,201293.35200000,0
1632381000000,149.41000000,149.50000000,149.13000000,149.14000000,4305.70000000,1632381059999,643284.62100000,347,663.27000000,99066.78680000,0
1632381060000,149.12000000,149.12000000,148.69000000,148.99000000,1919.53000000,1632381119999,285874.16700000,429,1008.39000000,150158.15020000,0
1632381120000,149.00000000,149.08000000,148.57000000,148.73000000,2338.87000000,1632381179999,348060.39840000,429,1190.02000000,177136.49820000,0
1632381180000,148.74000000,148.90000000,148.52000000,148.90000000,1233.19000000,1632381239999,183327.88420000,348,720.57000000,107119.49080000,0
1632381240000,148.83000000,148.83000000,148.19000000,148.43000000,6772.85000000,1632381299999,1005521.95420000,730,930.27000000,138050.54540000,0
1632381300000,148.41000000,148.60000000,148.29000000,148.60000000,3648.95000000,1632381359999,541529.52500000,1115,1816.52000000,269614.99320000,0
1632381360000,148.58000000,148.89000000,148.46000000,148.54000000,1287.18000000,1632381419999,191347.89910000,325,650.90000000,96760.84250000,0
1632381420000,148.53000000,148.95000000,148.41000000,148.82000000,1366.09000000,1632381479999,203074.56140000,291,762.74000000,113355.97910000,0
1632381480000,148.83000000,149.00000000,148.61000000,148.77000000,2347.87000000,1632381539999,349471.98990000,320,1624.07000000,241745.48890000,0
1632381540000,148.74000000,148.74000000,148.29000000,148.33000000,1575.59000000,1632381599999,233962.22040000,338,678.33000000,100759.50250000,0
1632381600000,148.34000000,148.49000000,148.24000000,148.31000000,1495.88000000,1632381659999,221914.94090000,328,991.33000000,147056.12780000,0
1632381660000,148.33000000,148.45000000,148.17000000,148.38000000,1516.89000000,1632381719999,224936.21770000,364,641.15000000,95068.44530000,0
1632381720000,148.36000000,148.36000000,148.14000000,148.19000000,1674.70000000,1632381779999,248219.53220000,257,330.92000000,49062.65370000,0
1632381780000,148.23000000,148.50000000,148.16000000,148.40000000,1073.76000000,1632381839999,159298.26570000,264,643.00000000,95397.93130000,0
1632381840000,148.40000000,148.53000000,148.32000000,148.40000000,1843.77000000,1632381899999,273617.05350000,197,241.93000000,35909.36820000,0
1632381900000,148.39000000,148.98000000,148.36000000,148.81000000,2770.55000000,1632381959999,412179.41080000,396,1936.12000000,288092.52880000,0
1632381960000,148.81000000,148.83000000,148.50000000,148.69000000,1428.14000000,1632382019999,212281.41500000,290,293.95000000,43684.44620000,0
1632382020000,148.68000000,148.97000000,148.61000000,148.94000000,1297.25000000,1632382079999,193071.64280000,269,900.97000000,134092.77690000,0
1632382080000,148.97000000,149.16000000,148.88000000,149.10000000,2912.82000000,1632382139999,434029.99450000,389,2313.15000000,344675.22310000,0
1632382140000,149.13000000,149.45000000,149.08000000,149.12000000,5038.87000000,1632382199999,752122.93010000,678,3426.86000000,511482.09150000,0
1632382200000,149.12000000,149.18000000,148.95000000,148.95000000,9474.48000000,1632382259999,1412755.99590000,445,7697.79000000,1147867.61170000,0
1632382260000,148.95000000,148.95000000,148.74000000,148.78000000,2337.19000000,1632382319999,347827.61810000,316,1764.70000000,262623.45360000,0
1632382320000,148.78000000,149.07000000,148.78000000,148.92000000,2944.56000000,1632382379999,438557.40110000,440,1556.38000000,231789.40210000,0
1632382380000,148.90000000,149.11000000,148.81000000,148.91000000,2744.51000000,1632382439999,408806.93800000,410,1142.38000000,170153.64180000,0
1632382440000,148.95000000,149.10000000,148.73000000,148.75000000,2228.78000000,1632382499999,331888.11760000,336,619.33000000,92220.03780000,0
1632382500000,148.74000000,148.78000000,148.36000000,148.42000000,3104.71000000,1632382559999,461103.61490000,662,1127.41000000,167464.79550000,0
1632382560000,148.42000000,148.62000000,148.37000000,148.60000000,1625.22000000,1632382619999,241314.08330000,344,1049.01000000,155753.95660000,0
1632382620000,148.59000000,148.93000000,148.56000000,148.83000000,739.54000000,1632382679999,109988.82180000,272,392.66000000,58407.63390000,0
1632382680000,148.82000000,149.24000000,148.73000000,148.90000000,2199.08000000,1632382739999,327685.92270000,409,1408.07000000,209809.54260000,0
1632382740000,148.87000000,149.06000000,148.76000000,149.06000000,1316.51000000,1632382799999,196051.59700000,322,620.84000000,92457.16730000,0
1632382800000,149.03000000,149.15000000,148.87000000,149.01000000,1159.09000000,1632382859999,172736.90350000,298,725.26000000,108076.84120000,0
1632382860000,149.01000000,149.09000000,148.86000000,149.05000000,1012.17000000,1632382919999,150775.36140000,287,693.88000000,103368.04770000,0
1632382920000,149.05000000,149.15000000,148.86000000,149.13000000,1792.46000000,1632382979999,267091.81720000,270,624.97000000,93131.46950000,0
1632382980000,149.07000000,149.55000000,148.96000000,149.50000000,3059.62000000,1632383039999,456761.43670000,695,2122.94000000,316974.13470000,0
1632383040000,149.54000000,149.88000000,149.37000000,149.54000000,8567.56000000,1632383099999,1282080.66890000,1163,4396.84000000,658141.07690000,0
1632383100000,149.53000000,149.99000000,149.43000000,149.87000000,3760.20000000,1632383159999,563071.85680000,1481,2246.24000000,336460.95670000,0
1632383160000,149.93000000,150.54000000,149.84000000,150.36000000,14772.27000000,1632383219999,2218831.72350000,5787,10061.49000000,1510960.69060000,0
1632383220000,150.35000000,150.54000000,150.02000000,150.50000000,4241.97000000,1632383279999,637505.44540000,1977,2119.96000000,318686.73850000,0
1632383280000,150.49000000,150.97000000,150.46000000,150.83000000,12143.75000000,1632383339999,1830471.80930000,4738,4053.13000000,610964.47620000,0
1632383340000,150.84000000,150.87000000,150.09000000,150.27000000,8576.75000000,1632383399999,1290845.30760000,1857,2570.47000000,386859.27540000,0
1632383400000,150.23000000,150.31000000,149.79000000,150.06000000,3083.08000000,1632383459999,462417.12080000,829,1863.12000000,279479.65050000,0
1632383460000,150.07000000,150.17000000,149.84000000,149.92000000,1650.57000000,1632383519999,247603.55270000,409,674.38000000,101156.05600000,0
1632383520000,149.90000000,149.94000000,149.60000000,149.90000000,2198.39000000,1632383579999,329297.18400000,468,1158.32000000,173510.94500000,0
1632383580000,149.90000000,150.24000000,149.90000000,150.20000000,1867.42000000,1632383639999,280285.99870000,419,857.12000000,128658.14900000,0
1632383640000,150.20000000,150.76000000,150.09000000,150.74000000,3723.66000000,1632383699999,560188.54440000,622,1839.59000000,276664.85120000,0
1632383700000,150.73000000,151.29000000,150.65000000,151.17000000,10267.95000000,1632383759999,1550827.38130000,4530,8116.32000000,1225886.90370000,0
1632383760000,151.21000000,151.30000000,150.92000000,151.14000000,7448.62000000,1632383819999,1126008.11860000,1190,4069.49000000,615259.78530000,0
1632383820000,151.20000000,151.66000000,150.86000000,151.63000000,6366.86000000,1632383879999,963031.25610000,1752,4098.90000000,620141.43950000,0
1632383880000,151.63000000,151.97000000,151.32000000,151.49000000,10666.71000000,1632383939999,1618341.49880000,6553,5659.06000000,858672.85850000,0
1632383940000,151.42000000,151.55000000,151.12000000,151.50000000,4576.11000000,1632383999999,692488.59210000,855,2184.08000000,330587.94850000,0
1632384000000,151.44000000,151.62000000,151.20000000,151.45000000,4443.24000000,1632384059999,672638.67760000,780,1524.76000000,230884.49050000,0
1632384060000,151.43000000,152.10000000,151.34000000,151.43000000,12115.83000000,1632384119999,1839197.98310000,3972,8485.19000000,1288648.17310000,0
1632384120000,151.43000000,151.75000000,150.73000000,151.09000000,8124.25000000,1632384179999,1228334.56940000,1616,2592.22000000,392106.43640000,0
1632384180000,151.07000000,151.64000000,151.03000000,151.60000000,2607.91000000,1632384239999,394551.04350000,701,1613.99000000,244177.21000000,0
1632384240000,151.60000000,152.50000000,151.55000000,152.25000000,10693.96000000,1632384299999,1627178.68540000,4601,6696.22000000,1018952.63450000,0
1632384300000,152.25000000,152.33000000,151.72000000,152.03000000,5201.70000000,1632384359999,790445.46270000,1087,2484.62000000,377584.40130000,0
1632384360000,152.00000000,152.03000000,151.51000000,151.82000000,2504.70000000,1632384419999,380200.54900000,761,1293.08000000,196323.20280000,0
1632384420000,151.83000000,151.85000000,151.45000000,151.48000000,1952.41000000,1632384479999,295939.61140000,608,751.30000000,113875.18820000,0
1632384480000,151.51000000,151.65000000,151.06000000,151.17000000,4373.49000000,1632384539999,661810.23540000,970,2191.45000000,331731.28900000,0
1632384540000,151.19000000,151.19000000,150.91000000,151.13000000,3089.66000000,1632384599999,466664.57470000,773,1337.06000000,201955.32150000,0
1632384600000,151.10000000,151.38000000,150.93000000,151.32000000,2087.28000000,1632384659999,315603.96440000,577,1048.75000000,158566.17150000,0
1632384660000,151.33000000,151.69000000,151.30000000,151.64000000,3182.62000000,1632384719999,482113.12480000,657,2089.51000000,316543.72690000,0
1632384720000,151.63000000,151.84000000,151.53000000,151.61000000,2128.04000000,1632384779999,322821.58630000,603,1262.16000000,191462.98680000,0
1632384780000,151.56000000,151.91000000,151.53000000,151.64000000,3331.09000000,1632384839999,505284.38000000,615,1193.82000000,181112.39160000,0
1632384840000,151.66000000,151.82000000,151.35000000,151.50000000,3049.00000000,1632384899999,462320.39420000,673,2025.54000000,307154.65840000,0
1632384900000,151.48000000,151.49000000,150.91000000,150.97000000,7003.77000000,1632384959999,1058577.08110000,855,1557.46000000,235523.57680000,0
1632384960000,150.97000000,151.14000000,150.67000000,150.75000000,5284.48000000,1632385019999,797339.91030000,1164,2260.63000000,341118.16310000,0
1632385020000,150.72000000,151.22000000,150.68000000,151.12000000,3381.27000000,1632385079999,510331.89720000,634,850.29000000,128378.82940000,0
1632385080000,151.05000000,151.46000000,150.97000000,151.30000000,1426.34000000,1632385139999,215669.77120000,532,810.18000000,122514.51110000,0
1632385140000,151.30000000,151.30000000,150.91000000,150.91000000,1504.25000000,1632385199999,227368.46550000,506,586.27000000,88620.97070000,0
1632385200000,150.92000000,151.25000000,150.78000000,151.24000000,2076.80000000,1632385259999,313474.43090000,492,1068.01000000,161207.14710000,0
1632385260000,151.15000000,151.29000000,150.90000000,151.03000000,2227.55000000,1632385319999,336525.82990000,445,551.70000000,83359.53950000,0
1632385320000,151.01000000,151.04000000,150.76000000,150.79000000,1346.48000000,1632385379999,203164.97790000,425,963.69000000,145412.82960000,0
1632385380000,150.78000000,150.84000000,150.65000000,150.79000000,3212.15000000,1632385439999,484284.25580000,589,2015.75000000,303936.81620000,0
1632385440000,150.78000000,150.84000000,150.62000000,150.79000000,1838.18000000,1632385499999,277124.66120000,493,1176.84000000,177417.01420000,0
1632385500000,150.78000000,151.46000000,150.78000000,151.41000000,5827.79000000,1632385559999,880592.99390000,886,3995.11000000,603450.01780000,0
1632385560000,151.43000000,151.43000000,151.21000000,151.25000000,1201.41000000,1632385619999,181776.48050000,440,422.93000000,63990.55490000,0
1632385620000,151.25000000,151.25000000,150.84000000,150.85000000,4726.21000000,1632385679999,713548.21720000,554,1876.41000000,283280.68910000,0
1632385680000,150.90000000,151.13000000,150.68000000,151.09000000,4911.49000000,1632385739999,741042.29260000,553,2349.92000000,354607.52870000,0
1632385740000,151.09000000,151.80000000,150.88000000,151.72000000,4490.04000000,1632385799999,679207.47020000,899,1960.62000000,296880.13980000,0
1632385800000,151.73000000,152.34000000,151.64000000,152.20000000,8635.02000000,1632385859999,1312520.82460000,1388,5133.45000000,780286.59810000,0
1632385860000,152.21000000,152.22000000,151.67000000,151.79000000,7492.96000000,1632385919999,1138780.32100000,1028,2475.05000000,376183.20500000,0
1632385920000,151.78000000,152.10000000,151.63000000,152.00000000,3479.31000000,1632385979999,528314.18660000,665,1458.63000000,221517.97850000,0
1632385980000,152.01000000,152.01000000,151.70000000,151.77000000,3571.34000000,1632386039999,542292.29430000,740,854.92000000,129821.69680000,0
1632386040000,151.78000000,151.85000000,151.27000000,151.33000000,4391.36000000,1632386099999,665448.43890000,804,1369.67000000,207551.52660000,0
1632386100000,151.29000000,151.50000000,150.93000000,151.18000000,5058.01000000,1632386159999,764754.67470000,947,2127.34000000,321735.11510000,0
1632386160000,151.17000000,151.50000000,151.01000000,151.26000000,2311.52000000,1632386219999,349619.54370000,534,1253.35000000,189604.16960000,0
1632386220000,151.23000000,151.28000000,150.80000000,150.90000000,3451.35000000,1632386279999,521135.68220000,820,1525.48000000,230361.62160000,0
1632386280000,150.91000000,151.07000000,150.88000000,151.00000000,2225.67000000,1632386339999,336013.98780000,515,1032.79000000,155951.17610000,0
1632386340000,151.00000000,151.10000000,150.40000000,150.53000000,6312.24000000,1632386399999,951149.52570000,1339,2363.45000000,356258.88880000,0
1632386400000,150.51000000,150.71000000,149.62000000,149.87000000,7124.99000000,1632386459999,1070167.85880000,2114,1745.23000000,262339.13900000,0
1632386460000,149.85000000,149.96000000,149.15000000,149.88000000,14029.84000000,1632386519999,2097887.21880000,6625,5331.83000000,797223.57030000,0
1632386520000,149.87000000,150.02000000,148.99000000,149.25000000,11801.87000000,1632386579999,1762890.79640000,1973,5337.44000000,797420.22680000,0
1632386580000,149.29000000,149.69000000,149.29000000,149.49000000,5795.11000000,1632386639999,866382.36230000,904,3583.90000000,535858.85980000,0
1632386640000,149.49000000,149.70000000,149.41000000,149.44000000,2490.64000000,1632386699999,372472.65760000,627,1463.24000000,218861.41990000,0
1632386700000,149.44000000,150.07000000,149.44000000,150.04000000,2676.50000000,1632386759999,401103.12970000,742,1887.96000000,282965.23530000,0
1632386760000,150.05000000,150.45000000,149.82000000,149.88000000,8093.03000000,1632386819999,1215479.86750000,1040,4267.22000000,641048.84450000,0
1632386820000,149.89000000,150.05000000,149.39000000,149.45000000,4113.31000000,1632386879999,615336.99810000,773,1631.60000000,244145.79450000,0
1632386880000,149.43000000,149.43000000,148.77000000,148.85000000,11482.31000000,1632386939999,1710760.24000000,2909,6347.05000000,945655.55050000,0
1632386940000,148.85000000,149.33000000,148.71000000,149.15000000,4466.89000000,1632386999999,665659.47030000,1065,2486.41000000,370528.42030000,0
1632387000000,149.15000000,149.30000000,148.92000000,149.27000000,2800.88000000,1632387059999,417639.23470000,601,1976.45000000,294699.17040000,0
1632387060000,149.26000000,149.45000000,149.11000000,149.21000000,2506.41000000,1632387119999,374220.75070000,564,1276.08000000,190545.67710000,0
1632387120000,149.23000000,149.39000000,149.03000000,149.19000000,1823.26000000,1632387179999,272020.59430000,495,930.38000000,138834.71200000,0
1632387180000,149.20000000,149.59000000,149.00000000,149.23000000,2877.02000000,1632387239999,429549.60660000,839,1398.21000000,208836.62730000,0
1632387240000,149.24000000,149.26000000,148.79000000,148.94000000,3487.66000000,1632387299999,519561.70140000,623,1609.48000000,239797.46840000,0
1632387300000,148.93000000,149.32000000,148.85000000,149.32000000,2852.61000000,1632387359999,425340.68170000,635,1512.64000000,225535.05000000,0
1632387360000,149.28000000,149.71000000,149.19000000,149.26000000,2258.48000000,1632387419999,337547.75990000,656,1295.48000000,193560.05280000,0
1632387420000,149.25000000,149.50000000,149.04000000,149.38000000,1883.87000000,1632387479999,281173.64010000,526,1089.54000000,162604.57620000,0
1632387480000,149.39000000,149.44000000,149.21000000,149.22000000,1754.88000000,1632387539999,262073.88040000,402,541.33000000,80837.78760000,0
1632387540000,149.21000000,149.32000000,149.00000000,149.08000000,1956.40000000,1632387599999,291755.45070000,418,550.48000000,82106.56150000,0
1632387600000,149.07000000,149.09000000,148.61000000,148.97000000,3509.14000000,1632387659999,522209.76460000,849,1602.15000000,238454.28360000,0
1632387660000,148.96000000,149.44000000,148.66000000,149.43000000,2876.14000000,1632387719999,429029.46110000,683,1759.61000000,262522.65430000,0
1632387720000,149.40000000,149.50000000,149.01000000,149.03000000,2470.30000000,1632387779999,368697.42840000,454,1186.51000000,177114.05250000,0
1632387780000,149.03000000,149.16000000,148.69000000,148.70000000,1990.24000000,1632387839999,296544.34760000,432,633.99000000,94470.35830000,0
1632387840000,148.69000000,148.75000000,148.11000000,148.22000000,4684.16000000,1632387899999,694890.22850000,1476,1704.19000000,252862.22570000,0
1632387900000,148.26000000,148.49000000,148.15000000,148.46000000,3098.77000000,1632387959999,459520.10620000,794,1783.65000000,264526.84890000,0
1632387960000,148.47000000,148.56000000,147.80000000,147.91000000,8527.98000000,1632388019999,1262107.21710000,1581,1848.96000000,273913.37760000,0
1632388020000,147.97000000,148.17000000,147.80000000,147.87000000,5706.30000000,1632388079999,844193.55350000,2342,3322.04000000,491497.94570000,0
1632388080000,147.88000000,148.21000000,147.61000000,148.02000000,5585.81000000,1632388139999,826223.81900000,1770,2129.67000000,315155.53040000,0
1632388140000,148.06000000,148.20000000,147.73000000,147.89000000,1736.56000000,1632388199999,256951.37660000,450,989.50000000,146416.61950000,0
1632388200000,147.89000000,148.59000000,147.89000000,148.36000000,6004.73000000,1632388259999,890362.55750000,1199,3719.67000000,551558.66830000,0
1632388260000,148.29000000,148.53000000,148.03000000,148.17000000,2609.77000000,1632388319999,386971.20520000,439,1374.78000000,203826.44950000,0
1632388320000,148.21000000,149.00000000,148.16000000,148.81000000,2718.06000000,1632388379999,404056.16150000,542,2134.73000000,317334.83710000,0
1632388380000,148.82000000,149.16000000,148.72000000,148.81000000,3921.47000000,1632388439999,584219.16920000,563,2395.81000000,356943.82410000,0
1632388440000,148.83000000,149.16000000,148.77000000,149.08000000,3982.95000000,1632388499999,593422.72080000,582,2147.52000000,320000.42340000,0
1632388500000,149.08000000,149.09000000,148.46000000,148.70000000,8646.22000000,1632388559999,1285617.39550000,585,1832.53000000,272641.77550000,0
1632388560000,148.69000000,149.28000000,148.66000000,148.86000000,5872.28000000,1632388619999,875119.11780000,649,3969.32000000,591743.03460000,0
1632388620000,148.89000000,149.11000000,148.73000000,148.89000000,2441.95000000,1632388679999,363555.49050000,375,1041.99000000,155168.29200000,0
1632388680000,148.85000000,149.20000000,148.83000000,148.99000000,2886.52000000,1632388739999,430091.62410000,432,1880.46000000,280195.59490000,0
1632388740000,149.00000000,149.12000000,148.73000000,149.12000000,2842.78000000,1632388799999,423299.17650000,493,1901.15000000,283102.96520000,0
1632388800000,149.12000000,149.15000000,148.72000000,149.04000000,2050.71000000,1632388859999,305408.88360000,408,986.18000000,146864.37970000,0
1632388860000,149.01000000,149.13000000,148.74000000,149.06000000,2459.20000000,1632388919999,366189.77100000,339,1168.95000000,174079.13500000,0
1632388920000,149.05000000,149.06000000,148.81000000,148.86000000,965.91000000,1632388979999,143846.05960000,217,335.42000000,49943.37080000,0
1632388980000,148.85000000,148.94000000,148.70000000,148.77000000,1124.16000000,1632389039999,167287.29410000,269,720.08000000,107154.04170000,0
1632389040000,148.77000000,148.78000000,148.38000000,148.42000000,3131.19000000,1632389099999,465066.17590000,399,1651.68000000,245325.62550000,0
1632389100000,148.42000000,148.83000000,148.38000000,148.73000000,2026.86000000,1632389159999,301130.51030000,344,1135.01000000,168642.79190000,0
1632389160000,148.74000000,148.91000000,148.61000000,148.66000000,1724.37000000,1632389219999,256513.77990000,325,842.09000000,125247.45780000,0
1632389220000,148.62000000,148.62000000,148.41000000,148.42000000,1683.25000000,1632389279999,249968.30830000,339,442.74000000,65752.81950000,0
1632389280000,148.43000000,148.47000000,148.16000000,148.27000000,2908.76000000,1632389339999,431401.52670000,503,799.70000000,118616.49010000,0
1632389340000,148.28000000,148.43000000,148.22000000,148.24000000,1235.73000000,1632389399999,183302.03870000,365,363.19000000,53876.95460000,0
1632389400000,148.24000000,148.84000000,148.24000000,148.67000000,1191.23000000,1632389459999,177028.36350000,297,687.79000000,102197.26020000,0
1632389460000,148.66000000,148.93000000,148.65000000,148.88000000,1103.00000000,1632389519999,164132.26510000,284,279.52000000,41588.26020000,0
1632389520000,148.87000000,149.18000000,148.82000000,149.12000000,3442.58000000,1632389579999,513191.19470000,547,1820.09000000,271305.05230000,0
1632389580000,149.09000000,149.09000000,148.22000000,148.25000000,4077.34000000,1632389639999,606190.55540000,660,1313.83000000,195211.04900000,0
1632389640000,148.28000000,148.30000000,147.74000000,148.12000000,6368.28000000,1632389699999,942973.01970000,919,1368.59000000,202629.09630000,0
1632389700000,148.01000000,148.25000000,147.86000000,148.12000000,2211.05000000,1632389759999,327338.00130000,419,1214.80000000,179853.49040000,0
1632389760000,148.12000000,148.25000000,148.02000000,148.20000000,1527.91000000,1632389819999,226297.43470000,371,787.27000000,116604.83550000,0
1632389820000,148.20000000,148.33000000,148.07000000,148.32000000,1226.86000000,1632389879999,181787.88430000,256,458.55000000,67957.10770000,0
1632389880000,148.32000000,148.55000000,148.20000000,148.25000000,1610.29000000,1632389939999,238870.22300000,312,792.61000000,117607.54520000,0
1632389940000,148.26000000,148.49000000,148.20000000,148.24000000,1018.79000000,1632389999999,151133.63150000,285,424.06000000,62907.53020000,0
1632390000000,148.24000000,148.37000000,148.20000000,148.30000000,592.38000000,1632390059999,87825.58020000,184,318.98000000,47292.67880000,0
1632390060000,148.32000000,148.49000000,148.20000000,148.24000000,2515.55000000,1632390119999,373249.31160000,320,1561.53000000,231711.04260000,0
1632390120000,148.24000000,148.77000000,148.21000000,148.67000000,3778.08000000,1632390179999,560992.52810000,513,1601.61000000,237777.98880000,0
1632390180000,148.68000000,148.89000000,148.58000000,148.58000000,2399.45000000,1632390239999,356854.34110000,411,2047.90000000,304582.99170000,0
1632390240000,148.57000000,148.73000000,148.43000000,148.44000000,2036.50000000,1632390299999,302551.97860000,362,825.96000000,122721.56820000,0
1632390300000,148.44000000,148.69000000,148.35000000,148.40000000,3295.21000000,1632390359999,489362.42570000,426,1891.97000000,280917.99780000,0
1632390360000,148.39000000,148.45000000,147.96000000,148.01000000,3628.68000000,1632390419999,537774.53210000,590,1542.92000000,228755.40390000,0
1632390420000,148.00000000,148.17000000,147.87000000,148.11000000,2538.39000000,1632390479999,375655.75830000,425,1362.60000000,201683.68400000,0
1632390480000,148.12000000,148.15000000,147.91000000,147.99000000,837.94000000,1632390539999,124029.68800000,283,428.88000000,63481.82640000,0
1632390540000,148.00000000,148.12000000,147.84000000,147.86000000,2191.16000000,1632390599999,324263.21840000,282,1071.65000000,158635.31400000,0
1632390600000,147.85000000,148.11000000,147.80000000,147.90000000,2047.27000000,1632390659999,302944.25270000,393,1396.33000000,206611.14180000,0
1632390660000,147.90000000,148.24000000,147.90000000,147.92000000,1784.82000000,1632390719999,264210.18340000,296,696.61000000,103128.92090000,0
1632390720000,147.92000000,148.29000000,147.80000000,148.19000000,2638.64000000,1632390779999,390486.08400000,405,2039.01000000,301765.13370000,0
1632390780000,148.19000000,148.36000000,147.92000000,148.07000000,832.04000000,1632390839999,123209.62900000,308,260.92000000,38651.29060000,0
1632390840000,148.04000000,148.15000000,147.48000000,147.62000000,5795.79000000,1632390899999,855677.36870000,1002,2555.12000000,377135.17770000,0
1632390900000,147.62000000,147.99000000,147.59000000,147.82000000,1391.22000000,1632390959999,205540.96760000,683,684.66000000,101162.42690000,0
1632390960000,147.84000000,147.87000000,147.32000000,147.55000000,3296.76000000,1632391019999,486395.93930000,1074,1428.09000000,210692.57090000,0
1632391020000,147.53000000,147.81000000,147.41000000,147.73000000,2001.17000000,1632391079999,295449.91590000,302,446.57000000,65948.78390000,0
1632391080000,147.78000000,147.86000000,147.61000000,147.62000000,1139.83000000,1632391139999,168400.13040000,304,696.27000000,102870.35610000,0
1632391140000,147.61000000,147.75000000,147.41000000,147.46000000,1545.23000000,1632391199999,228030.46870000,317,735.70000000,108585.52700000,0
1632391200000,147.46000000,147.54000000,147.07000000,147.45000000,5250.90000000,1632391259999,773349.77990000,1242,1730.73000000,254951.64880000,0
1632391260000,147.45000000,147.77000000,147.40000000,147.72000000,1630.13000000,1632391319999,240631.99700000,467,958.18000000,141456.07100000,0
1632391320000,147.72000000,147.93000000,147.48000000,147.93000000,3824.55000000,1632391379999,564823.71060000,795,1991.13000000,294153.73560000,0
1632391380000,147.94000000,147.99000000,147.73000000,147.74000000,2079.78000000,1632391439999,307521.42000000,491,1078.65000000,159491.63140000,0
1632391440000,147.73000000,148.15000000,147.72000000,147.92000000,1558.42000000,1632391499999,230608.06980000,522,972.68000000,143898.53180000,0
1632391500000,147.93000000,148.13000000,147.78000000,148.00000000,1142.74000000,1632391559999,169067.76210000,452,373.90000000,55314.37120000,0
1632391560000,147.96000000,148.56000000,147.96000000,148.52000000,1341.05000000,1632391619999,198880.88340000,571,1015.27000000,150596.59760000,0
1632391620000,148.54000000,148.70000000,148.22000000,148.30000000,2916.93000000,1632391679999,433055.26700000,661,1370.10000000,203459.12040000,0
1632391680000,148.33000000,148.69000000,148.33000000,148.50000000,1620.66000000,1632391739999,240691.81940000,479,1047.72000000,155594.84410000,0
1632391740000,148.51000000,148.66000000,148.27000000,148.59000000,2685.05000000,1632391799999,398689.73920000,591,1397.31000000,207522.80730000,0
1632391800000,148.57000000,148.61000000,148.16000000,148.24000000,2936.29000000,1632391859999,435805.28830000,567,1811.41000000,268915.53200000,0
1632391860000,148.24000000,148.46000000,147.98000000,148.06000000,1590.41000000,1632391919999,235622.04250000,553,476.57000000,70617.90300000,0
1632391920000,148.07000000,148.13000000,147.57000000,147.57000000,2959.44000000,1632391979999,437625.15290000,772,986.84000000,145946.22630000,0
1632391980000,147.57000000,147.81000000,147.12000000,147.16000000,3909.99000000,1632392039999,576753.00490000,1001,1483.16000000,218785.77820000,0
1632392040000,147.21000000,147.41000000,146.30000000,146.58000000,17735.33000000,1632392099999,2603729.38570000,4258,5876.19000000,862400.15060000,0
1632392100000,146.59000000,147.00000000,146.05000000,146.32000000,6519.76000000,1632392159999,955201.51060000,1667,2295.77000000,336595.03050000,0
1632392160000,146.33000000,146.75000000,146.04000000,146.71000000,4622.86000000,1632392219999,676535.12800000,1175,2172.73000000,318062.73220000,0
1632392220000,146.77000000,146.87000000,146.45000000,146.64000000,2551.05000000,1632392279999,374048.61400000,1708,1416.14000000,207677.57260000,0
1632392280000,146.64000000,147.19000000,146.63000000,147.14000000,4534.15000000,1632392339999,666004.76510000,834,2742.29000000,402778.65680000,0
1632392340000,147.14000000,147.40000000,146.94000000,146.95000000,4100.16000000,1632392399999,603497.59860000,785,1816.58000000,267296.92930000,0
1632392400000,146.99000000,147.14000000,146.54000000,146.54000000,1577.85000000,1632392459999,231699.97960000,508,627.27000000,92084.49190000,0
1632392460000,146.55000000,146.61000000,146.04000000,146.06000000,3222.92000000,1632392519999,471738.80050000,713,1345.54000000,196924.74210000,0
1632392520000,146.13000000,146.54000000,145.52000000,145.70000000,7965.47000000,1632392579999,1163107.39110000,1779,2093.34000000,305562.39310000,0
1632392580000,145.75000000,145.80000000,145.30000000,145.56000000,9656.28000000,1632392639999,1405681.15250000,5283,4447.59000000,647626.07400000,0
1632392640000,145.56000000,145.68000000,145.00000000,145.24000000,14564.02000000,1632392699999,2114771.44590000,3034,3296.54000000,479027.31130000,0
1632392700000,145.26000000,145.66000000,144.57000000,144.60000000,14611.82000000,1632392759999,2120182.09680000,3396,6071.47000000,881491.31120000,0
1632392760000,144.60000000,145.00000000,144.42000000,144.79000000,12034.19000000,1632392819999,1740568.38840000,1857,5762.28000000,833589.14600000,0
1632392820000,144.79000000,144.93000000,144.50000000,144.90000000,5108.46000000,1632392879999,739563.57120000,980,3262.78000000,472347.25570000,0
1632392880000,144.88000000,145.12000000,144.67000000,144.98000000,5999.87000000,1632392939999,869432.59270000,1034,3223.93000000,467277.35880000,0
1632392940000,144.96000000,145.07000000,144.02000000,144.56000000,13118.77000000,1632392999999,1894554.23520000,2934,4395.20000000,635841.17070000,0
1632393000000,144.57000000,144.67000000,144.11000000,144.64000000,6838.12000000,1632393059999,987372.17990000,1376,3043.54000000,439573.89600000,0
1632393060000,144.64000000,145.39000000,144.57000000,145.27000000,6779.22000000,1632393119999,983518.75840000,2363,3852.95000000,559085.11620000,0
1632393120000,145.23000000,145.51000000,145.16000000,145.45000000,4151.04000000,1632393179999,603352.40600000,851,1792.79000000,260616.70610000,0
1632393180000,145.45000000,145.66000000,145.18000000,145.59000000,4181.05000000,1632393239999,608240.29560000,874,2332.82000000,339371.39970000,0
1632393240000,145.59000000,146.13000000,145.42000000,145.70000000,9998.28000000,1632393299999,1457351.97030000,1408,6796.52000000,990902.42310000,0
1632393300000,145.69000000,145.76000000,145.35000000,145.53000000,1923.88000000,1632393359999,279983.71220000,547,1083.80000000,157743.39660000,0
1632393360000,145.52000000,145.84000000,145.45000000,145.63000000,3051.39000000,1632393419999,444476.63140000,589,1685.50000000,245546.16300000,0
1632393420000,145.63000000,145.84000000,145.52000000,145.76000000,2299.13000000,1632393479999,334964.89850000,547,1337.57000000,194867.34450000,0
1632393480000,145.79000000,145.88000000,145.59000000,145.81000000,2380.45000000,1632393539999,346916.78560000,482,959.48000000,139840.69520000,0
1632393540000,145.82000000,145.96000000,145.58000000,145.60000000,3134.36000000,1632393599999,456811.64730000,592,927.57000000,135228.22870000,0
1632393600000,145.61000000,145.64000000,145.31000000,145.52000000,2574.21000000,1632393659999,374442.82410000,485,1343.18000000,195366.19980000,0
1632393660000,145.52000000,145.83000000,145.37000000,145.78000000,5960.12000000,1632393719999,867947.66420000,815,4662.13000000,679018.96810000,0
1632393720000,145.82000000,145.87000000,145.56000000,145.67000000,3016.55000000,1632393779999,439490.42610000,565,910.91000000,132701.15940000,0
1632393780000,145.67000000,145.77000000,145.54000000,145.76000000,2643.62000000,1632393839999,385000.15760000,549,1228.07000000,178865.51980000,0
1632393840000,145.76000000,145.92000000,145.73000000,145.88000000,2219.80000000,1632393899999,323695.07860000,504,1295.49000000,188907.75720000,0
1632393900000,145.89000000,145.93000000,145.66000000,145.81000000,1893.31000000,1632393959999,276041.30950000,541,913.91000000,133234.28050000,0
1632393960000,145.81000000,146.23000000,145.74000000,146.19000000,2992.00000000,1632394019999,436776.84200000,800,2261.01000000,330084.18880000,0
1632394020000,146.16000000,146.48000000,146.13000000,146.46000000,4801.75000000,1632394079999,702636.94780000,809,4032.54000000,590064.72970000,0
1632394080000,146.47000000,146.68000000,146.42000000,146.49000000,4838.77000000,1632394139999,709071.60380000,805,3314.19000000,485649.19480000,0
1632394140000,146.47000000,146.61000000,146.34000000,146.50000000,1221.27000000,1632394199999,178901.10900000,433,530.22000000,77680.26620000,0
1632394200000,146.45000000,146.66000000,146.25000000,146.54000000,2501.93000000,1632394259999,366488.26420000,599,1674.47000000,245308.20100000,0
1632394260000,146.55000000,146.58000000,146.32000000,146.37000000,3162.14000000,1632394319999,463176.35560000,490,2479.25000000,363176.81840000,0
1632394320000,146.36000000,146.36000000,146.08000000,146.36000000,1905.49000000,1632394379999,278586.04780000,471,595.03000000,86987.15600000,0
1632394380000,146.35000000,146.43000000,146.21000000,146.23000000,1391.32000000,1632394439999,203558.49270000,411,764.26000000,111814.82280000,0
1632394440000,146.22000000,146.23000000,145.70000000,145.76000000,2718.18000000,1632394499999,396601.07800000,606,843.49000000,123057.35910000,0
1632394500000,145.76000000,146.12000000,145.71000000,145.99000000,4112.94000000,1632394559999,600362.80920000,539,2802.12000000,409041.25500000,0
1632394560000,146.00000000,146.31000000,145.99000000,146.13000000,3099.08000000,1632394619999,452698.30750000,522,2402.77000000,350925.61600000,0
1632394620000,146.17000000,146.39000000,146.15000000,146.15000000,606.48000000,1632394679999,88703.96000000,321,372.21000000,54440.77410000,0
1632394680000,146.15000000,146.50000000,146.04000000,146.48000000,4170.21000000,1632394739999,609716.34230000,602,2318.93000000,339010.27260000,0
1632394740000,146.48000000,146.49000000,146.23000000,146.25000000,2475.06000000,1632394799999,362247.01030000,384,806.25000000,117990.78460000,0
1632394800000,146.25000000,146.52000000,145.89000000,146.32000000,2958.83000000,1632394859999,432683.97570000,645,1316.43000000,192513.68290000,0
1632394860000,146.31000000,146.33000000,146.05000000,146.25000000,1255.37000000,1632394919999,183523.77270000,306,490.24000000,71672.90380000,0
1632394920000,146.20000000,146.43000000,146.05000000,146.23000000,1774.86000000,1632394979999,259532.37930000,246,949.31000000,138819.53330000,0
1632394980000,146.24000000,146.24000000,145.87000000,146.02000000,3009.67000000,1632395039999,439468.50040000,345,625.85000000,91389.34870000,0
1632395040000,146.01000000,146.02000000,145.72000000,145.73000000,1843.07000000,1632395099999,268788.51090000,329,917.57000000,133819.29030000,0
1632395100000,145.73000000,145.98000000,145.72000000,145.97000000,1010.84000000,1632395159999,147436.54200000,262,517.71000000,75512.21000000,0
1632395160000,145.97000000,146.07000000,145.65000000,145.68000000,2445.03000000,1632395219999,356676.23440000,408,1276.51000000,186249.75430000,0
1632395220000,145.69000000,145.69000000,145.27000000,145.47000000,3040.24000000,1632395279999,442339.49870000,586,1015.96000000,147839.86150000,0
1632395280000,145.48000000,145.60000000,145.36000000,145.49000000,3320.32000000,1632395339999,483138.45460000,437,1625.60000000,236596.39240000,0
1632395340000,145.50000000,145.85000000,145.47000000,145.77000000,5866.23000000,1632395399999,854248.37880000,481,4963.39000000,722731.96340000,0
1632395400000,145.78000000,145.83000000,145.39000000,145.54000000,2507.10000000,1632395459999,364943.97310000,484,1102.24000000,160490.78080000,0
1632395460000,145.55000000,145.69000000,145.08000000,145.33000000,5461.27000000,1632395519999,793328.58310000,596,1385.30000000,201311.67700000,0
1632395520000,145.33000000,145.41000000,145.06000000,145.16000000,4328.09000000,1632395579999,628330.65540000,691,2420.90000000,351423.69150000,0
1632395580000,145.17000000,145.24000000,144.69000000,144.87000000,5744.60000000,1632395639999,832498.50870000,1110,2284.62000000,331151.20740000,0
1632395640000,144.91000000,145.06000000,144.66000000,144.98000000,3351.75000000,1632395699999,485517.23870000,622,1491.15000000,216065.31010000,0
1632395700000,144.94000000,145.44000000,144.91000000,145.40000000,3432.62000000,1632395759999,498360.08690000,720,1710.30000000,248281.99630000,0
1632395760000,145.42000000,145.48000000,145.16000000,145.33000000,1790.35000000,1632395819999,260190.62260000,359,1337.16000000,194317.35630000,0
1632395820000,145.34000000,145.51000000,145.27000000,145.41000000,1909.78000000,1632395879999,277737.00580000,367,1197.08000000,174100.23070000,0
1632395880000,145.41000000,145.50000000,145.10000000,145.23000000,1588.74000000,1632395939999,230857.83740000,378,643.58000000,93553.20360000,0
1632395940000,145.24000000,145.34000000,144.50000000,144.53000000,3236.59000000,1632395999999,468663.42900000,687,1059.65000000,153454.08040000,0
1632396000000,144.52000000,144.53000000,143.62000000,144.04000000,21147.21000000,1632396059999,3044691.38780000,3846,7631.47000000,1098987.25590000,0
1632396060000,144.04000000,144.81000000,144.03000000,144.81000000,4368.15000000,1632396119999,630722.80570000,1091,2952.28000000,426393.79300000,0
1632396120000,144.74000000,145.02000000,144.69000000,144.90000000,3129.97000000,1632396179999,453345.35130000,499,1208.20000000,175047.36380000,0
1632396180000,144.88000000,144.95000000,144.54000000,144.74000000,3556.47000000,1632396239999,514715.29570000,503,1944.95000000,281519.74160000,0
1632396240000,144.75000000,145.20000000,144.67000000,145.18000000,2380.21000000,1632396299999,344967.73330000,461,1520.05000000,220263.49780000,0
1632396300000,145.18000000,145.18000000,144.82000000,144.97000000,1974.05000000,1632396359999,286171.30350000,331,604.81000000,87697.89050000,0
1632396360000,144.96000000,145.35000000,144.95000000,145.32000000,1299.77000000,1632396419999,188698.62610000,404,712.23000000,103394.30670000,0
1632396420000,145.32000000,145.49000000,145.18000000,145.20000000,1565.19000000,1632396479999,227464.41080000,442,1015.04000000,147526.87850000,0
1632396480000,145.26000000,145.34000000,144.82000000,144.92000000,2462.29000000,1632396539999,357058.92520000,343,924.12000000,134001.57200000,0
1632396540000,144.92000000,145.13000000,144.76000000,144.80000000,1930.50000000,1632396599999,279799.15310000,377,642.74000000,93170.88900000,0
1632396600000,144.85000000,145.49000000,144.85000000,145.40000000,4753.52000000,1632396659999,690300.07940000,442,3328.27000000,483317.61430000,0
1632396660000,145.36000000,145.47000000,145.25000000,145.30000000,863.88000000,1632396719999,125548.68730000,248,500.08000000,72677.04100000,0
1632396720000,145.30000000,145.33000000,144.94000000,145.01000000,1572.21000000,1632396779999,228160.43590000,263,688.66000000,99900.13410000,0
1632396780000,145.01000000,145.28000000,145.01000000,145.18000000,1711.56000000,1632396839999,248401.16560000,226,1273.76000000,184865.40270000,0
1632396840000,145.20000000,145.34000000,144.99000000,145.20000000,1586.92000000,1632396899999,230289.83200000,358,533.17000000,77396.68730000,0
1632396900000,145.18000000,145.29000000,145.11000000,145.12000000,659.45000000,1632396959999,95751.51280000,276,113.73000000,16513.65210000,0
1632396960000,145.12000000,145.16000000,144.53000000,144.65000000,2344.61000000,1632397019999,339624.39280000,381,885.67000000,128279.48480000,0
1632397020000,144.66000000,144.68000000,144.24000000,144.44000000,3395.13000000,1632397079999,490476.98590000,595,1040.33000000,150251.44840000,0
1632397080000,144.44000000,144.61000000,144.04000000,144.06000000,3383.69000000,1632397139999,488353.89640000,697,1758.79000000,253906.81450000,0
1632397140000,144.06000000,144.47000000,144.00000000,144.09000000,4829.94000000,1632397199999,696750.85490000,823,2553.08000000,368405.25290000,0
1632397200000,144.09000000,144.36000000,144.00000000,144.29000000,2673.73000000,1632397259999,385561.20840000,475,1548.30000000,223281.70120000,0
1632397260000,144.29000000,144.51000000,143.89000000,144.15000000,6216.38000000,1632397319999,896402.54190000,880,2777.63000000,400653.58640000,0
1632397320000,144.17000000,144.30000000,143.97000000,144.21000000,1893.88000000,1632397379999,272996.37660000,446,929.46000000,134003.10180000,0
1632397380000,144.21000000,144.31000000,144.04000000,144.24000000,1899.82000000,1632397439999,273921.73020000,353,904.18000000,130383.97610000,0
1632397440000,144.19000000,144.24000000,143.90000000,144.05000000,1779.51000000,1632397499999,256375.94990000,423,718.19000000,103454.58550000,0
1632397500000,144.02000000,144.06000000,142.92000000,143.47000000,23979.88000000,1632397559999,3438717.59260000,5478,7447.30000000,1069162.70150000,0
1632397560000,143.47000000,143.90000000,143.33000000,143.45000000,6600.48000000,1632397619999,947826.19760000,1173,3430.54000000,492699.63960000,0
1632397620000,143.44000000,144.23000000,143.31000000,143.94000000,6823.49000000,1632397679999,981146.64110000,1176,4336.66000000,623528.44570000,0
1632397680000,143.94000000,144.11000000,143.55000000,143.63000000,2225.53000000,1632397739999,320054.74600000,473,1314.27000000,188998.89490000,0
1632397740000,143.62000000,143.80000000,143.16000000,143.43000000,5410.21000000,1632397799999,775955.48550000,1009,1942.00000000,278618.41080000,0
1632397800000,143.45000000,143.68000000,143.27000000,143.46000000,4255.27000000,1632397859999,610370.35570000,736,1803.31000000,258706.43290000,0
1632397860000,143.41000000,143.55000000,143.00000000,143.00000000,5931.56000000,1632397919999,849262.38370000,1012,2233.14000000,319803.43620000,0
1632397920000,143.00000000,143.30000000,142.97000000,143.27000000,6473.86000000,1632397979999,926531.27310000,1104,3305.37000000,473097.38260000,0
1632397980000,143.27000000,143.70000000,143.26000000,143.65000000,5132.09000000,1632398039999,736366.17660000,996,3559.37000000,510713.89220000,0
1632398040000,143.69000000,143.83000000,143.39000000,143.53000000,2236.05000000,1632398099999,321192.50800000,485,1167.71000000,167763.76090000,0
1632398100000,143.52000000,144.00000000,143.40000000,143.96000000,2501.42000000,1632398159999,359422.49300000,552,1608.62000000,231147.67230000,0
1632398160000,143.96000000,144.44000000,143.86000000,144.39000000,3135.83000000,1632398219999,452159.45500000,705,2224.93000000,320796.86880000,0
1632398220000,144.39000000,144.44000000,144.13000000,144.19000000,1900.53000000,1632398279999,274312.21370000,399,1006.78000000,145300.71830000,0
1632398280000,144.19000000,144.25000000,143.98000000,144.01000000,1691.08000000,1632398339999,243706.04390000,311,580.30000000,83638.77050000,0
1632398340000,144.01000000,144.40000000,144.00000000,144.35000000,2155.19000000,1632398399999,310834.04900000,390,1614.72000000,232890.61240000,0
1632398400000,144.36000000,144.60000000,143.77000000,143.82000000,6430.96000000,1632398459999,927934.12850000,720,3939.38000000,568805.81630000,0
1632398460000,143.82000000,144.68000000,143.74000000,144.65000000,2965.98000000,1632398519999,427672.79060000,656,1718.19000000,247857.86620000,0
1632398520000,144.65000000,145.58000000,144.55000000,145.24000000,6361.84000000,1632398579999,923742.14820000,2037,3902.61000000,566624.70240000,0
1632398580000,145.21000000,145.28000000,144.89000000,144.98000000,2882.06000000,1632398639999,418020.46060000,533,1539.05000000,223248.69220000,0
1632398640000,144.97000000,144.97000000,144.13000000,144.14000000,2633.27000000,1632398699999,380619.66260000,671,987.57000000,142661.27990000,0
1632398700000,144.14000000,144.26000000,143.68000000,143.90000000,4628.27000000,1632398759999,666112.49110000,878,1651.21000000,237589.93520000,0
1632398760000,143.89000000,144.61000000,143.89000000,144.50000000,1859.31000000,1632398819999,268295.79410000,453,883.93000000,127553.16150000,0
1632398820000,144.49000000,144.66000000,144.16000000,144.34000000,2225.93000000,1632398879999,321448.16210000,427,1362.29000000,196741.55040000,0
1632398880000,144.34000000,144.72000000,144.17000000,144.54000000,2801.13000000,1632398939999,404564.03160000,465,1695.62000000,244869.08580000,0
1632398940000,144.59000000,144.86000000,144.51000000,144.85000000,1241.67000000,1632398999999,179656.99190000,345,780.02000000,112851.72960000,0
1632399000000,144.85000000,144.89000000,144.26000000,144.26000000,2203.37000000,1632399059999,318456.23110000,444,1058.54000000,152994.30420000,0
1632399060000,144.25000000,144.45000000,144.05000000,144.14000000,1526.99000000,1632399119999,220214.15640000,345,614.95000000,88701.93430000,0
1632399120000,144.15000000,144.49000000,144.00000000,144.24000000,2233.43000000,1632399179999,322193.47090000,437,1047.82000000,151156.31910000,0
1632399180000,144.23000000,144.62000000,144.09000000,144.53000000,1652.96000000,1632399239999,238660.36970000,370,705.80000000,101879.03650000,0
1632399240000,144.49000000,144.49000000,143.89000000,144.08000000,5424.42000000,1632399299999,781887.85080000,782,1923.02000000,277032.80330000,0
1632399300000,144.10000000,144.24000000,143.92000000,144.19000000,1380.82000000,1632399359999,198866.52410000,296,712.56000000,102620.16220000,0
1632399360000,144.15000000,144.53000000,144.15000000,144.42000000,1417.81000000,1632399419999,204707.71850000,271,952.91000000,137577.29790000,0
1632399420000,144.43000000,144.68000000,144.22000000,144.27000000,6660.88000000,1632399479999,962275.02090000,568,2502.07000000,361396.79810000,0
1632399480000,144.26000000,144.86000000,144.26000000,144.77000000,2543.74000000,1632399539999,367792.31020000,420,1916.46000000,277036.01230000,0
1632399540000,144.75000000,144.80000000,144.39000000,144.48000000,7531.27000000,1632399599999,1089585.68780000,417,908.44000000,131316.75480000,0
1632399600000,144.48000000,144.53000000,143.96000000,143.97000000,4320.98000000,1632399659999,623042.35620000,465,700.91000000,101096.45160000,0
1632399660000,143.97000000,144.34000000,143.66000000,143.66000000,5443.92000000,1632399719999,783659.73180000,640,3788.44000000,545431.71640000,0
1632399720000,143.68000000,144.07000000,143.63000000,144.06000000,1546.37000000,1632399779999,222452.85380000,398,814.89000000,117235.56290000,0
1632399780000,144.06000000,144.31000000,144.01000000,144.13000000,1196.74000000,1632399839999,172525.86840000,316,521.66000000,75203.51580000,0
1632399840000,144.13000000,144.96000000,144.00000000,144.80000000,6112.52000000,1632399899999,883392.07860000,864,5018.89000000,725289.50620000,0
1632399900000,144.80000000,145.20000000,144.60000000,145.13000000,2885.52000000,1632399959999,418260.90650000,604,2055.82000000,298008.58030000,0
1632399960000,145.14000000,145.26000000,144.84000000,145.12000000,3632.86000000,1632400019999,527009.22680000,553,2104.63000000,305351.48320000,0
1632400020000,145.14000000,145.15000000,144.63000000,144.84000000,1874.71000000,1632400079999,271608.14810000,362,1056.48000000,153051.47830000,0
1632400080000,144.83000000,144.99000000,144.50000000,144.90000000,1754.55000000,1632400139999,254013.62820000,325,934.44000000,135284.28100000,0
1632400140000,144.90000000,144.99000000,144.71000000,144.90000000,837.06000000,1632400199999,121258.52740000,277,470.90000000,68204.06160000,0
1632400200000,144.90000000,145.15000000,144.79000000,144.90000000,6193.06000000,1632400259999,897970.75210000,438,2688.44000000,389815.05180000,0
1632400260000,144.86000000,144.91000000,144.57000000,144.73000000,1034.95000000,1632400319999,149795.49460000,259,567.10000000,82104.61780000,0
1632400320000,144.73000000,144.74000000,144.51000000,144.67000000,1176.66000000,1632400379999,170175.74520000,240,559.80000000,80968.38040000,0
1632400380000,144.67000000,145.46000000,144.66000000,145.39000000,3050.18000000,1632400439999,442633.84180000,551,2006.24000000,291215.27280000,0
1632400440000,145.38000000,145.70000000,145.26000000,145.49000000,5480.50000000,1632400499999,797420.98960000,1367,4056.63000000,590242.25280000,0
1632400500000,145.51000000,145.53000000,145.23000000,145.46000000,2088.35000000,1632400559999,303565.89220000,337,1090.39000000,158490.80340000,0
1632400560000,145.46000000,145.55000000,145.18000000,145.49000000,4203.92000000,1632400619999,611056.62880000,498,1212.42000000,176249.15560000,0
1632400620000,145.47000000,145.92000000,145.32000000,145.80000000,2867.76000000,1632400679999,417575.37040000,651,1938.68000000,282268.75550000,0
1632400680000,145.80000000,145.90000000,145.25000000,145.28000000,7806.44000000,1632400739999,1136132.13840000,1043,2672.68000000,388995.15500000,0
1632400740000,145.30000000,145.57000000,145.20000000,145.39000000,1668.42000000,1632400799999,242533.38970000,340,979.31000000,142339.08730000,0
1632400800000,145.38000000,145.74000000,145.34000000,145.67000000,2445.20000000,1632400859999,355974.45880000,404,1389.41000000,202260.15750000,0
1632400860000,145.68000000,146.50000000,145.59000000,146.09000000,11144.09000000,1632400919999,1629239.12930000,1794,7360.51000000,1075853.42990000,0
1632400920000,146.07000000,146.43000000,146.02000000,146.05000000,5550.11000000,1632400979999,811491.26920000,793,2692.38000000,393743.34310000,0
1632400980000,146.05000000,146.21000000,145.83000000,145.98000000,2765.76000000,1632401039999,403784.78170000,458,965.56000000,140960.54350000,0
1632401040000,145.99000000,146.20000000,145.52000000,145.62000000,3746.22000000,1632401099999,546285.14570000,577,1022.72000000,149100.88710000,0
1632401100000,145.61000000,145.93000000,145.40000000,145.90000000,3089.94000000,1632401159999,449994.42860000,558,1381.50000000,201241.16020000,0
1632401160000,145.93000000,146.01000000,145.50000000,145.56000000,2399.56000000,1632401219999,349742.02250000,451,869.58000000,126743.23180000,0
1632401220000,145.58000000,145.93000000,145.52000000,145.93000000,2423.43000000,1632401279999,353156.79890000,381,1567.62000000,228485.46430000,0
1632401280000,145.92000000,145.92000000,145.70000000,145.74000000,4012.95000000,1632401339999,584818.63140000,369,924.59000000,134776.34450000,0
1632401340000,145.72000000,145.75000000,145.49000000,145.49000000,2973.73000000,1632401399999,433184.61450000,312,493.14000000,71825.31810000,0
1632401400000,145.48000000,145.79000000,145.41000000,145.79000000,1590.20000000,1632401459999,231478.62440000,316,867.43000000,126259.34130000,0
1632401460000,145.77000000,145.94000000,145.36000000,145.36000000,3004.36000000,1632401519999,437729.52520000,550,1174.96000000,171104.68770000,0
1632401520000,145.36000000,145.37000000,145.10000000,145.14000000,4367.40000000,1632401579999,634193.55530000,665,2497.74000000,362695.88260000,0
1632401580000,145.14000000,145.27000000,144.90000000,144.96000000,2512.02000000,1632401639999,364377.10970000,585,978.02000000,141851.40420000,0
1632401640000,144.95000000,145.05000000,144.69000000,144.88000000,2091.98000000,1632401699999,303064.78040000,516,958.92000000,138946.33420000,0
1632401700000,144.88000000,145.15000000,144.74000000,144.92000000,940.33000000,1632401759999,136276.27220000,273,467.67000000,67776.00390000,0
1632401760000,144.90000000,145.37000000,144.69000000,145.05000000,3036.59000000,1632401819999,440519.60040000,494,1294.12000000,187695.95840000,0
1632401820000,145.03000000,145.16000000,144.59000000,144.62000000,1771.21000000,1632401879999,256572.31490000,382,1027.46000000,148829.90220000,0
1632401880000,144.59000000,145.05000000,144.43000000,144.82000000,3534.46000000,1632401939999,511573.32410000,732,1594.45000000,230828.70030000,0
1632401940000,144.81000000,145.18000000,144.76000000,144.89000000,4173.01000000,1632401999999,605011.25980000,402,1601.50000000,232194.29610000,0
1632402000000,144.88000000,145.20000000,144.72000000,145.05000000,1774.61000000,1632402059999,257294.88220000,366,759.99000000,110161.70430000,0
1632402060000,145.03000000,145.42000000,144.90000000,145.26000000,2758.55000000,1632402119999,400560.97520000,478,2009.35000000,291758.11830000,0
1632402120000,145.26000000,145.48000000,145.11000000,145.26000000,1290.30000000,1632402179999,187447.50100000,314,797.49000000,115841.91260000,0
1632402180000,145.26000000,145.31000000,144.93000000,144.97000000,1377.82000000,1632402239999,199925.00240000,313,713.86000000,103601.71790000,0
1632402240000,144.96000000,145.19000000,144.75000000,144.76000000,1634.48000000,1632402299999,236871.18890000,310,883.23000000,128010.54690000,0
1632402300000,144.75000000,145.00000000,144.65000000,144.76000000,2064.02000000,1632402359999,298959.58930000,337,1357.42000000,196623.84270000,0
1632402360000,144.83000000,144.95000000,144.35000000,144.36000000,9994.33000000,1632402419999,1444033.63220000,545,6725.20000000,971514.06110000,0
1632402420000,144.36000000,144.56000000,144.10000000,144.31000000,10864.10000000,1632402479999,1567590.80670000,1120,7388.83000000,1066160.12250000,0
1632402480000,144.31000000,144.31000000,143.90000000,144.14000000,7994.26000000,1632402539999,1151798.32070000,1395,3627.30000000,522772.15140000,0
1632402540000,144.14000000,144.26000000,144.04000000,144.25000000,3327.37000000,1632402599999,479673.91290000,559,2301.54000000,331788.87180000,0
1632402600000,144.25000000,144.27000000,143.98000000,144.02000000,3322.79000000,1632402659999,478825.83840000,599,1489.55000000,214688.81270000,0
1632402660000,144.02000000,144.13000000,143.76000000,143.78000000,4066.61000000,1632402719999,585432.37000000,659,2112.00000000,304096.98470000,0
1632402720000,143.79000000,144.22000000,143.47000000,144.11000000,8538.33000000,1632402779999,1227197.34250000,1572,2971.15000000,427338.74880000,0
1632402780000,144.11000000,144.31000000,144.05000000,144.08000000,3234.75000000,1632402839999,466397.33230000,478,1433.42000000,206704.34670000,0
1632402840000,144.08000000,144.50000000,144.08000000,144.39000000,2312.03000000,1632402899999,333706.21490000,371,1390.31000000,200722.53270000,0
1632402900000,144.41000000,144.69000000,144.26000000,144.28000000,4660.99000000,1632402959999,673535.05900000,525,3344.17000000,483269.15360000,0
1632402960000,144.26000000,144.72000000,144.19000000,144.46000000,2603.84000000,1632403019999,376212.86130000,377,1178.26000000,170374.40650000,0
1632403020000,144.46000000,144.74000000,144.46000000,144.59000000,1246.25000000,1632403079999,180215.08840000,278,849.04000000,122772.05540000,0
1632403080000,144.60000000,144.93000000,144.56000000,144.82000000,2723.24000000,1632403139999,394222.94420000,616,1762.63000000,255175.39710000,0
1632403140000,144.83000000,144.87000000,144.60000000,144.71000000,1349.88000000,1632403199999,195393.32360000,422,838.81000000,121417.20800000,0
1632403200000,144.72000000,144.75000000,144.41000000,144.43000000,940.43000000,1632403259999,135926.71250000,290,246.98000000,35713.22040000,0
1632403260000,144.45000000,144.59000000,144.40000000,144.47000000,1025.65000000,1632403319999,148205.20150000,253,480.35000000,69408.35790000,0
1632403320000,144.49000000,144.64000000,144.38000000,144.62000000,1132.32000000,1632403379999,163639.27340000,209,752.88000000,108799.55380000,0
1632403380000,144.63000000,144.66000000,144.42000000,144.58000000,780.99000000,1632403439999,112899.50350000,180,401.19000000,58004.83260000,0
1632403440000,144.57000000,144.95000000,144.52000000,144.70000000,1386.12000000,1632403499999,200601.00110000,289,693.64000000,100383.86940000,0
1632403500000,144.68000000,144.99000000,144.62000000,144.73000000,1892.63000000,1632403559999,274117.70950000,344,999.08000000,144708.81970000,0
1632403560000,144.76000000,144.79000000,144.44000000,144.54000000,1025.77000000,1632403619999,148294.03360000,251,574.93000000,83106.50870000,0
1632403620000,144.55000000,144.89000000,144.55000000,144.80000000,1004.82000000,1632403679999,145458.00450000,270,508.61000000,73624.27420000,0
1632403680000,144.75000000,145.18000000,144.67000000,145.16000000,3903.37000000,1632403739999,565999.36720000,555,1676.08000000,243028.94890000,0
1632403740000,145.11000000,145.17000000,144.89000000,145.01000000,1728.71000000,1632403799999,250681.20960000,340,612.80000000,88846.91390000,0
1632403800000,145.00000000,145.28000000,144.76000000,145.14000000,3407.08000000,1632403859999,493898.85340000,528,1944.11000000,281828.82740000,0
1632403860000,145.15000000,145.50000000,145.12000000,145.40000000,2142.24000000,1632403919999,311420.45160000,681,1211.02000000,176049.24110000,0
1632403920000,145.41000000,145.80000000,145.32000000,145.70000000,4675.12000000,1632403979999,680548.13580000,762,3451.42000000,502405.24030000,0
1632403980000,145.68000000,146.02000000,145.50000000,145.98000000,13950.02000000,1632404039999,2034876.21830000,1359,9462.75000000,1380029.08250000,0
1632404040000,145.98000000,146.06000000,145.81000000,145.96000000,6962.98000000,1632404099999,1016227.78230000,664,4548.44000000,663907.24230000,0
1632404100000,145.93000000,146.04000000,145.73000000,145.81000000,3075.83000000,1632404159999,448683.25710000,579,1476.64000000,215436.83440000,0
1632404160000,145.81000000,146.04000000,145.72000000,145.93000000,2421.93000000,1632404219999,353419.39610000,411,1536.49000000,224256.17350000,0
1632404220000,145.92000000,146.38000000,145.91000000,146.33000000,4108.86000000,1632404279999,600346.35190000,792,2529.91000000,369710.93750000,0
1632404280000,146.38000000,147.00000000,146.09000000,146.81000000,7430.97000000,1632404339999,1089509.37070000,1902,4260.56000000,624812.04480000,0
1632404340000,146.83000000,147.14000000,146.65000000,146.99000000,7138.99000000,1632404399999,1048787.44610000,1579,4857.60000000,713700.76810000,0
1632404400000,147.04000000,147.72000000,146.99000000,147.40000000,11406.86000000,1632404459999,1681386.65500000,4888,7072.21000000,1042546.18920000,0
1632404460000,147.40000000,147.70000000,147.30000000,147.56000000,5434.26000000,1632404519999,801548.28960000,786,2338.33000000,344941.89130000,0
1632404520000,147.59000000,147.90000000,147.50000000,147.80000000,9440.38000000,1632404579999,1394975.23440000,1286,6083.59000000,899136.36940000,0
1632404580000,147.78000000,148.19000000,147.68000000,148.07000000,6876.01000000,1632404639999,1017559.58760000,1454,5133.28000000,759680.92490000,0
1632404640000,148.06000000,148.08000000,147.67000000,147.73000000,9530.12000000,1632404699999,1408888.64570000,1144,3657.30000000,540746.77930000,0
1632404700000,147.78000000,148.03000000,147.45000000,147.51000000,8217.57000000,1632404759999,1214092.86810000,999,4117.80000000,608615.90520000,0
1632404760000,147.51000000,148.30000000,147.22000000,148.20000000,7116.24000000,1632404819999,1051861.72740000,1480,3105.52000000,459335.12120000,0
1632404820000,148.20000000,148.37000000,147.73000000,148.37000000,5848.12000000,1632404879999,865635.86050000,861,2967.20000000,439335.51080000,0
1632404880000,148.37000000,148.50000000,148.02000000,148.18000000,6008.46000000,1632404939999,890948.07310000,1475,3779.35000000,560450.96510000,0
1632404940000,148.19000000,148.34000000,148.01000000,148.15000000,3372.25000000,1632404999999,499656.77020000,613,1425.01000000,211155.86150000,0
1632405000000,148.15000000,148.41000000,147.64000000,147.65000000,6014.67000000,1632405059999,890780.64730000,681,2578.95000000,382109.63270000,0
1632405060000,147.65000000,147.91000000,147.46000000,147.65000000,8687.98000000,1632405119999,1283254.20630000,728,6070.78000000,896733.83110000,0
1632405120000,147.66000000,147.66000000,147.28000000,147.33000000,4571.96000000,1632405179999,674183.60610000,603,2052.68000000,302717.00200000,0
1632405180000,147.32000000,147.57000000,147.22000000,147.47000000,7596.50000000,1632405239999,1119788.68620000,703,4658.30000000,686692.46530000,0
1632405240000,147.46000000,147.80000000,147.43000000,147.67000000,2475.05000000,1632405299999,365448.40870000,481,1303.93000000,192554.20470000,0
1632405300000,147.67000000,147.80000000,147.63000000,147.77000000,2366.02000000,1632405359999,349470.50870000,394,1259.49000000,186037.58960000,0
1632405360000,147.75000000,147.80000000,147.37000000,147.59000000,3304.32000000,1632405419999,487664.26770000,479,1655.54000000,244411.35240000,0
1632405420000,147.59000000,147.70000000,147.43000000,147.56000000,1988.15000000,1632405479999,293359.58230000,370,905.97000000,133695.87880000,0
1632405480000,147.62000000,147.66000000,147.28000000,147.46000000,2279.55000000,1632405539999,336108.56650000,415,1189.35000000,175374.56560000,0
1632405540000,147.48000000,147.70000000,147.35000000,147.40000000,2745.04000000,1632405599999,404930.89070000,387,1535.72000000,226597.30000000,0
1632405600000,147.43000000,147.68000000,147.05000000,147.09000000,8021.00000000,1632405659999,1180957.82980000,708,1171.13000000,172488.57270000,0
1632405660000,147.09000000,147.24000000,146.83000000,146.90000000,4932.17000000,1632405719999,725216.36120000,883,2756.50000000,405400.24790000,0
1632405720000,146.88000000,146.92000000,146.29000000,146.52000000,9202.06000000,1632405779999,1348550.59650000,1710,1968.92000000,288664.99530000,0
1632405780000,146.49000000,146.70000000,146.35000000,146.56000000,2213.83000000,1632405839999,324437.03680000,557,1066.31000000,156279.59930000,0
1632405840000,146.55000000,146.91000000,146.55000000,146.62000000,2442.81000000,1632405899999,358383.31860000,574,1343.13000000,197066.86440000,0
1632405900000,146.64000000,147.00000000,146.63000000,146.78000000,2330.87000000,1632405959999,342367.07270000,510,1209.88000000,177702.01330000,0
1632405960000,146.79000000,147.31000000,146.76000000,147.16000000,3035.62000000,1632406019999,446408.65120000,651,2269.40000000,333775.36890000,0
1632406020000,147.21000000,147.25000000,146.90000000,147.12000000,2176.62000000,1632406079999,320058.63360000,562,1091.13000000,160436.07880000,0
1632406080000,147.13000000,147.70000000,147.13000000,147.53000000,5638.13000000,1632406139999,831157.46080000,1031,3036.99000000,447746.96320000,0
1632406140000,147.50000000,148.05000000,147.42000000,147.90000000,4276.46000000,1632406199999,632156.58100000,1009,3078.92000000,455148.38110000,0
1632406200000,147.97000000,148.10000000,147.66000000,147.75000000,5725.27000000,1632406259999,846969.48660000,764,1763.88000000,260928.08660000,0
1632406260000,147.75000000,148.22000000,147.74000000,148.19000000,7360.55000000,1632406319999,1089988.20330000,780,2171.33000000,321379.19490000,0
1632406320000,148.20000000,148.73000000,148.13000000,148.39000000,7251.82000000,1632406379999,1076793.46850000,2060,4250.15000000,631078.71850000,0
1632406380000,148.39000000,148.39000000,147.96000000,148.01000000,3231.09000000,1632406439999,478689.40170000,879,1664.29000000,246585.70760000,0
1632406440000,148.00000000,148.10000000,147.76000000,147.89000000,2632.43000000,1632406499999,389451.62630000,669,1151.55000000,170391.61730000,0
1632406500000,147.90000000,148.20000000,147.84000000,148.11000000,3539.18000000,1632406559999,523845.21650000,756,1916.12000000,283587.94610000,0
1632406560000,148.07000000,148.19000000,147.75000000,148.19000000,9631.18000000,1632406619999,1425322.74690000,915,1552.51000000,229740.33980000,0
1632406620000,148.20000000,148.24000000,147.80000000,147.87000000,1584.14000000,1632406679999,234419.65960000,556,604.07000000,89406.08920000,0
1632406680000,147.83000000,148.70000000,147.82000000,148.68000000,6592.17000000,1632406739999,977775.74750000,935,4144.85000000,614697.33400000,0
1632406740000,148.67000000,148.95000000,148.21000000,148.46000000,6773.23000000,1632406799999,1006814.07690000,1918,3594.08000000,534287.06600000,0
1632406800000,148.46000000,148.58000000,148.22000000,148.23000000,1693.77000000,1632406859999,251295.83300000,609,737.46000000,109411.14560000,0
1632406860000,148.23000000,148.50000000,147.96000000,148.23000000,4750.46000000,1632406919999,704151.64200000,906,2490.67000000,369155.19580000,0
1632406920000,148.23000000,148.36000000,148.05000000,148.24000000,2634.06000000,1632406979999,390373.69830000,699,1280.08000000,189704.54640000,0
1632406980000,148.24000000,148.60000000,148.05000000,148.31000000,4164.35000000,1632407039999,617626.21840000,834,2225.68000000,330114.01350000,0
1632407040000,148.32000000,148.32000000,147.96000000,148.07000000,2188.61000000,1632407099999,324076.61160000,560,838.05000000,124111.03940000,0
1632407100000,148.06000000,148.20000000,148.00000000,148.07000000,2227.58000000,1632407159999,329887.56700000,490,862.55000000,127738.02440000,0
1632407160000,148.10000000,148.36000000,147.95000000,148.21000000,3366.07000000,1632407219999,498625.29850000,679,1951.73000000,289148.10990000,0
1632407220000,148.16000000,148.17000000,147.96000000,148.05000000,1860.41000000,1632407279999,275446.27200000,507,1047.43000000,155086.80620000,0
1632407280000,148.02000000,148.02000000,147.73000000,147.80000000,3568.11000000,1632407339999,527600.97160000,626,1116.08000000,165021.26060000,0
1632407340000,147.79000000,147.79000000,147.38000000,147.49000000,2910.90000000,1632407399999,429461.76070000,956,1393.05000000,205530.83890000,0
1632407400000,147.49000000,147.77000000,147.43000000,147.67000000,2051.44000000,1632407459999,302786.96940000,539,872.57000000,128771.05120000,0
1632407460000,147.63000000,147.63000000,147.26000000,147.27000000,2136.27000000,1632407519999,314944.58460000,614,764.02000000,112656.93330000,0
1632407520000,147.30000000,147.30000000,146.83000000,147.19000000,19664.20000000,1632407579999,2890283.64750000,1786,10526.62000000,1546970.57520000,0
1632407580000,147.19000000,147.33000000,146.90000000,146.98000000,3250.82000000,1632407639999,478186.87500000,647,1497.26000000,220259.32900000,0
1632407640000,146.97000000,147.15000000,146.81000000,147.12000000,1901.65000000,1632407699999,279494.21280000,544,879.93000000,129345.12560000,0
1632407700000,147.13000000,147.72000000,147.11000000,147.66000000,2250.86000000,1632407759999,331893.03110000,790,1285.56000000,189492.47250000,0
1632407760000,147.66000000,148.12000000,147.66000000,148.09000000,2530.51000000,1632407819999,374203.26240000,693,1994.12000000,294899.73540000,0
1632407820000,148.13000000,148.15000000,147.86000000,148.10000000,3251.55000000,1632407879999,481313.74470000,631,1553.68000000,229966.83010000,0
1632407880000,148.10000000,148.39000000,148.10000000,148.37000000,3294.11000000,1632407939999,488335.98530000,755,2283.14000000,338427.03010000,0
1632407940000,148.33000000,148.50000000,148.11000000,148.15000000,7696.99000000,1632407999999,1141566.36900000,787,5332.18000000,790950.93580000,0
1632408000000,148.15000000,148.40000000,148.11000000,148.20000000,1391.19000000,1632408059999,206227.40510000,454,886.24000000,131388.94370000,0
1632408060000,148.20000000,148.21000000,147.94000000,148.00000000,1505.53000000,1632408119999,222885.50600000,508,439.11000000,65026.19140000,0
1632408120000,148.02000000,148.40000000,147.96000000,148.30000000,2679.78000000,1632408179999,397156.60480000,550,2134.48000000,316353.43470000,0
1632408180000,148.30000000,148.40000000,148.09000000,148.09000000,3143.69000000,1632408239999,466133.06120000,636,1665.49000000,246990.54080000,0
1632408240000,148.08000000,148.16000000,147.88000000,148.02000000,2683.46000000,1632408299999,397282.30290000,511,1745.79000000,258500.36400000,0
1632408300000,147.99000000,148.09000000,147.81000000,147.82000000,2348.25000000,1632408359999,347460.82420000,553,1059.21000000,156737.06070000,0
1632408360000,147.82000000,147.94000000,147.65000000,147.91000000,1617.12000000,1632408419999,238946.92370000,549,742.61000000,109758.21410000,0
1632408420000,147.93000000,148.00000000,147.65000000,147.77000000,7425.65000000,1632408479999,1097505.14460000,849,5881.18000000,869209.03240000,0
1632408480000,147.77000000,148.24000000,147.67000000,148.22000000,3493.41000000,1632408539999,517235.53330000,676,2783.45000000,412136.47530000,0
1632408540000,148.18000000,148.26000000,147.98000000,148.22000000,2225.88000000,1632408599999,329715.05050000,604,1502.43000000,222566.51630000,0
1632408600000,148.22000000,148.22000000,147.78000000,148.08000000,2532.12000000,1632408659999,374734.75540000,631,1484.99000000,219776.15470000,0
1632408660000,148.07000000,148.50000000,148.06000000,148.44000000,3472.54000000,1632408719999,515087.92280000,800,1919.31000000,284687.47890000,0
1632408720000,148.45000000,148.49000000,148.18000000,148.36000000,2445.05000000,1632408779999,362677.68910000,582,1007.32000000,149408.55640000,0
1632408780000,148.34000000,148.58000000,148.24000000,148.41000000,2941.82000000,1632408839999,436645.71090000,738,1955.05000000,290178.21140000,0
1632408840000,148.43000000,148.43000000,148.05000000,148.21000000,2313.39000000,1632408899999,342977.98510000,545,1111.01000000,164719.95970000,0
1632408900000,148.19000000,148.26000000,148.02000000,148.08000000,2070.60000000,1632408959999,306644.16950000,462,1048.66000000,155293.37170000,0
1632408960000,148.09000000,148.19000000,147.84000000,148.00000000,4348.50000000,1632409019999,643574.24210000,761,1632.96000000,241652.71800000,0
1632409020000,148.01000000,148.27000000,148.00000000,148.14000000,1024.58000000,1632409079999,151815.38530000,415,540.34000000,80057.30840000,0
1632409080000,148.18000000,148.18000000,148.00000000,148.05000000,1222.28000000,1632409139999,180951.26060000,360,238.16000000,35267.32770000,0
1632409140000,148.05000000,148.35000000,148.04000000,148.23000000,1367.48000000,1632409199999,202615.18810000,379,775.75000000,114942.60960000,0
1632409200000,148.22000000,148.59000000,148.19000000,148.56000000,1958.31000000,1632409259999,290612.60550000,476,1051.85000000,156076.07710000,0
1632409260000,148.56000000,148.76000000,148.36000000,148.53000000,7121.02000000,1632409319999,1057800.75660000,650,5042.21000000,749033.02310000,0
1632409320000,148.53000000,148.80000000,148.43000000,148.74000000,2223.54000000,1632409379999,330427.18460000,385,1193.55000000,177390.47370000,0
1632409380000,148.74000000,148.85000000,148.62000000,148.69000000,2663.59000000,1632409439999,396191.36300000,395,1376.82000000,204797.22660000,0
1632409440000,148.70000000,148.80000000,148.50000000,148.61000000,1958.96000000,1632409499999,291235.50820000,358,857.87000000,127528.16270000,0
1632409500000,148.60000000,148.85000000,148.38000000,148.84000000,4681.40000000,1632409559999,696012.74300000,518,2892.71000000,430123.84290000,0
1632409560000,148.85000000,149.45000000,148.85000000,149.37000000,11524.33000000,1632409619999,1718710.88500000,6141,7336.80000000,1094007.25510000,0
1632409620000,149.35000000,149.59000000,149.06000000,149.58000000,5606.52000000,1632409679999,836990.19150000,1469,2932.69000000,437895.45450000,0
1632409680000,149.58000000,150.00000000,149.56000000,149.96000000,12956.82000000,1632409739999,1941288.76730000,3588,9613.22000000,1440449.20330000,0
1632409740000,149.95000000,150.00000000,149.27000000,149.55000000,7039.04000000,1632409799999,1053548.36330000,2005,2546.76000000,381293.33120000,0
1632409800000,149.55000000,149.60000000,148.91000000,149.17000000,7259.49000000,1632409859999,1082970.92400000,1180,3633.70000000,542141.58440000,0
1632409860000,149.20000000,149.74000000,149.12000000,149.67000000,3548.77000000,1632409919999,530495.87230000,631,2090.95000000,312552.32020000,0
1632409920000,149.66000000,149.75000000,149.45000000,149.74000000,3188.31000000,1632409979999,477019.84730000,449,1357.39000000,203117.79550000,0
1632409980000,149.75000000,149.99000000,149.69000000,149.72000000,5059.51000000,1632410039999,758260.81230000,632,2876.67000000,431165.18910000,0
1632410040000,149.71000000,149.88000000,149.62000000,149.71000000,2914.68000000,1632410099999,436443.57280000,488,1089.43000000,163138.27400000,0
1632410100000,149.67000000,149.95000000,149.66000000,149.86000000,5569.51000000,1632410159999,834432.71230000,513,3495.85000000,523757.79900000,0
1632410160000,149.88000000,150.80000000,149.85000000,150.73000000,19093.71000000,1632410219999,2868561.22820000,6127,13841.25000000,2078997.79850000,0
1632410220000,150.73000000,150.90000000,150.50000000,150.60000000,7548.71000000,1632410279999,1137820.93270000,2704,3932.35000000,592863.53610000,0
1632410280000,150.59000000,150.70000000,150.26000000,150.61000000,6343.06000000,1632410339999,954706.42180000,2149,2062.69000000,310523.17980000,0
1632410340000,150.64000000,150.70000000,150.31000000,150.34000000,3050.16000000,1632410399999,459022.98780000,589,1207.61000000,181713.35560000,0
1632410400000,150.31000000,150.49000000,149.71000000,149.97000000,7504.31000000,1632410459999,1126037.50870000,1173,3623.83000000,543903.61950000,0
1632410460000,149.98000000,150.04000000,149.56000000,149.60000000,5053.69000000,1632410519999,757105.65250000,845,2243.64000000,336228.82440000,0
1632410520000,149.60000000,149.77000000,148.77000000,148.93000000,7837.84000000,1632410579999,1169728.05400000,1661,3085.77000000,460792.01470000,0
1632410580000,148.94000000,149.08000000,148.38000000,148.58000000,11257.12000000,1632410639999,1673683.98200000,2680,5219.25000000,775984.47550000,0
1632410640000,148.59000000,148.70000000,148.05000000,148.36000000,9319.88000000,1632410699999,1382179.96160000,1750,3990.36000000,591899.05880000,0
1632410700000,148.36000000,148.75000000,148.31000000,148.49000000,6749.29000000,1632410759999,1002178.93790000,760,4193.24000000,622574.97960000,0
1632410760000,148.49000000,148.76000000,148.39000000,148.64000000,3163.20000000,1632410819999,469969.85110000,561,2104.15000000,312632.61250000,0
1632410820000,148.64000000,148.64000000,148.25000000,148.26000000,2314.30000000,1632410879999,343461.40800000,427,854.85000000,126882.57760000,0
1632410880000,148.25000000,148.26000000,147.76000000,147.80000000,7002.96000000,1632410939999,1036269.41600000,1869,2776.85000000,410967.30900000,0
1632410940000,147.78000000,148.00000000,147.58000000,147.82000000,4809.46000000,1632410999999,710920.26760000,2249,2146.70000000,317384.59610000,0
1632411000000,147.80000000,147.83000000,147.33000000,147.38000000,10733.87000000,1632411059999,1583457.86500000,1619,3592.08000000,529799.30100000,0
1632411060000,147.38000000,147.54000000,146.97000000,147.09000000,13319.18000000,1632411119999,1961275.42340000,1538,4878.17000000,718365.64700000,0
1632411120000,147.05000000,147.20000000,146.76000000,147.20000000,6705.39000000,1632411179999,985246.32970000,1416,3227.57000000,474326.17420000,0
1632411180000,147.20000000,147.20000000,146.81000000,146.91000000,3435.97000000,1632411239999,505110.09320000,1393,1681.06000000,247137.71650000,0
1632411240000,146.93000000,147.11000000,146.81000000,146.93000000,4445.90000000,1632411299999,653398.10930000,498,2922.51000000,429602.69700000,0
1632411300000,146.92000000,147.06000000,146.80000000,146.87000000,2589.35000000,1632411359999,380420.75970000,560,1514.92000000,222588.29310000,0
1632411360000,146.86000000,146.96000000,146.48000000,146.69000000,9044.16000000,1632411419999,1326568.39110000,1863,3428.00000000,503108.40450000,0
1632411420000,146.72000000,146.98000000,146.68000000,146.81000000,4383.37000000,1632411479999,643539.82160000,1081,3110.39000000,456661.38810000,0
1632411480000,146.81000000,147.20000000,146.76000000,146.91000000,4661.67000000,1632411539999,685174.89700000,691,3386.42000000,497731.47260000,0
1632411540000,146.90000000,147.48000000,146.71000000,147.39000000,7199.18000000,1632411599999,1058638.92770000,1431,3933.26000000,578676.89790000,0
1632411600000,147.39000000,147.40000000,147.13000000,147.21000000,2069.06000000,1632411659999,304696.44750000,305,1118.86000000,164754.72910000,0
1632411660000,147.21000000,147.45000000,147.13000000,147.43000000,1976.17000000,1632411719999,291074.98940000,320,1458.81000000,214897.63470000,0
1632411720000,147.41000000,147.60000000,147.32000000,147.56000000,3010.23000000,1632411779999,444003.88150000,536,2137.54000000,315305.30540000,0
1632411780000,147.56000000,147.86000000,147.55000000,147.83000000,1741.63000000,1632411839999,257259.20230000,399,985.81000000,145632.32960000,0
1632411840000,147.84000000,147.98000000,147.69000000,147.69000000,2720.47000000,1632411899999,402169.44450000,455,1438.10000000,212605.01120000,0
1632411900000,147.68000000,147.75000000,147.15000000,147.24000000,1985.46000000,1632411959999,292777.36870000,436,966.88000000,142634.73300000,0
1632411960000,147.21000000,147.30000000,146.86000000,146.93000000,2902.16000000,1632412019999,426737.73680000,471,1689.19000000,248319.26950000,0
1632412020000,146.92000000,147.04000000,146.68000000,146.76000000,6320.46000000,1632412079999,928321.37030000,530,2929.57000000,430494.66920000,0
1632412080000,146.78000000,147.08000000,146.78000000,146.88000000,5681.38000000,1632412139999,834741.57120000,603,3374.64000000,495845.98390000,0
1632412140000,146.87000000,147.01000000,146.69000000,146.94000000,4806.33000000,1632412199999,705898.51940000,471,2384.84000000,350296.54950000,0
1632412200000,146.95000000,146.99000000,146.72000000,146.73000000,1173.78000000,1632412259999,172342.36720000,225,422.38000000,62024.16140000,0
1632412260000,146.72000000,147.18000000,146.69000000,147.16000000,3466.49000000,1632412319999,509512.89340000,604,2779.83000000,408608.18160000,0
1632412320000,147.16000000,147.21000000,146.51000000,146.57000000,3685.12000000,1632412379999,540965.77710000,550,1467.66000000,215506.94190000,0
1632412380000,146.59000000,146.80000000,146.41000000,146.48000000,4609.92000000,1632412439999,675616.59170000,765,1546.59000000,226685.71040000,0
1632412440000,146.50000000,146.54000000,145.25000000,145.84000000,19470.75000000,1632412499999,2840133.82760000,7839,6053.22000000,883008.11130000,0
1632412500000,145.84000000,146.09000000,145.70000000,145.99000000,4272.71000000,1632412559999,623535.28150000,853,2270.82000000,331442.32980000,0
1632412560000,145.99000000,146.42000000,145.93000000,146.39000000,2478.67000000,1632412619999,362498.06890000,573,1907.88000000,279007.53100000,0
1632412620000,146.40000000,146.45000000,146.12000000,146.17000000,2328.75000000,1632412679999,340654.97160000,405,961.22000000,140633.58990000,0
1632412680000,146.16000000,146.52000000,146.13000000,146.38000000,2349.06000000,1632412739999,343898.72860000,385,1340.67000000,196264.95160000,0
1632412740000,146.38000000,146.55000000,146.01000000,146.06000000,3579.90000000,1632412799999,523522.11310000,572,1560.95000000,228288.47930000,0
1632412800000,146.07000000,146.61000000,146.01000000,146.44000000,3247.28000000,1632412859999,475151.29530000,509,2203.70000000,322474.51640000,0
1632412860000,146.46000000,146.52000000,146.32000000,146.39000000,1508.39000000,1632412919999,220869.65420000,290,893.70000000,130863.19060000,0
1632412920000,146.38000000,146.67000000,146.34000000,146.61000000,3964.27000000,1632412979999,580945.95560000,518,2594.15000000,380146.87200000,0
1632412980000,146.58000000,146.65000000,146.37000000,146.38000000,2643.53000000,1632413039999,387355.97330000,310,798.16000000,116944.86120000,0
1632413040000,146.38000000,146.56000000,146.38000000,146.55000000,1059.60000000,1632413099999,155223.01390000,256,736.43000000,107881.67500000,0
1632413100000,146.55000000,146.80000000,146.39000000,146.40000000,2430.64000000,1632413159999,356387.71400000,537,1390.24000000,203842.99950000,0
1632413160000,146.40000000,146.50000000,145.97000000,146.18000000,3755.71000000,1632413219999,549132.21190000,591,1956.44000000,286147.11250000,0
1632413220000,146.20000000,146.42000000,146.16000000,146.34000000,1889.35000000,1632413279999,276380.50250000,384,879.94000000,128708.98530000,0
1632413280000,146.35000000,146.89000000,146.34000000,146.55000000,3021.07000000,1632413339999,443186.29530000,563,1675.64000000,245815.73460000,0
1632413340000,146.63000000,146.68000000,146.29000000,146.41000000,1620.87000000,1632413399999,237428.09610000,326,738.53000000,108189.54010000,0
1632413400000,146.41000000,146.43000000,146.06000000,146.06000000,1377.54000000,1632413459999,201485.71070000,345,759.13000000,111035.13130000,0
1632413460000,146.06000000,146.12000000,145.31000000,145.59000000,8206.94000000,1632413519999,1195382.18710000,981,1847.76000000,269312.79020000,0
1632413520000,145.62000000,145.63000000,145.03000000,145.13000000,4799.80000000,1632413579999,697141.79150000,1054,2416.37000000,351004.47330000,0
1632413580000,145.13000000,145.39000000,144.58000000,145.38000000,13120.56000000,1632413639999,1902657.82290000,4061,5787.13000000,839659.51690000,0
1632413640000,145.37000000,145.50000000,144.92000000,145.23000000,6306.08000000,1632413699999,915588.49340000,867,3539.30000000,513882.18650000,0
1632413700000,145.22000000,145.34000000,144.96000000,145.26000000,2540.56000000,1632413759999,368795.08290000,524,1307.83000000,189890.38780000,0
1632413760000,145.29000000,145.59000000,145.26000000,145.56000000,3025.90000000,1632413819999,440113.98280000,442,2064.19000000,300274.04470000,0
1632413820000,145.56000000,145.75000000,145.56000000,145.61000000,2275.13000000,1632413879999,331436.47710000,445,1435.73000000,209166.91840000,0
1632413880000,145.61000000,145.69000000,145.23000000,145.58000000,5425.04000000,1632413939999,789137.96350000,566,1641.42000000,238916.73410000,0
1632413940000,145.59000000,145.76000000,145.46000000,145.55000000,3117.93000000,1632413999999,453996.11520000,403,1624.55000000,236560.10710000,0
1632414000000,145.54000000,145.71000000,145.29000000,145.67000000,2517.90000000,1632414059999,366491.87510000,375,1539.79000000,224177.51890000,0
1632414060000,145.67000000,145.80000000,145.49000000,145.56000000,3428.12000000,1632414119999,499597.07020000,322,1507.78000000,219699.85130000,0
1632414120000,145.53000000,145.73000000,145.35000000,145.37000000,2620.57000000,1632414179999,381391.41500000,391,1308.74000000,190439.69840000,0
1632414180000,145.38000000,145.47000000,145.19000000,145.19000000,1640.49000000,1632414239999,238435.65000000,395,664.49000000,96583.60870000,0
1632414240000,145.19000000,145.24000000,144.93000000,144.99000000,3103.85000000,1632414299999,450216.61600000,491,1325.98000000,192377.79390000,0
1632414300000,144.99000000,145.52000000,144.96000000,145.52000000,11732.19000000,1632414359999,1703452.74120000,652,10605.30000000,1539867.07000000,0
1632414360000,145.51000000,145.53000000,145.06000000,145.28000000,3131.78000000,1632414419999,454890.01410000,520,1825.29000000,265070.72610000,0
1632414420000,145.25000000,145.51000000,145.16000000,145.47000000,1440.02000000,1632414479999,209257.48360000,315,936.43000000,136087.39770000,0
1632414480000,145.48000000,145.66000000,145.46000000,145.50000000,1664.55000000,1632414539999,242258.19480000,317,808.69000000,117711.14830000,0
1632414540000,145.53000000,145.68000000,145.32000000,145.35000000,2034.59000000,1632414599999,295993.99870000,332,957.66000000,139335.29100000,0
1632414600000,145.34000000,145.98000000,145.17000000,145.88000000,2386.11000000,1632414659999,347356.75620000,592,1196.39000000,174274.04940000,0
1632414660000,145.88000000,146.20000000,145.86000000,146.10000000,3392.55000000,1632414719999,495511.43720000,752,2104.78000000,307449.45200000,0
1632414720000,146.09000000,146.59000000,146.04000000,146.35000000,2718.61000000,1632414779999,397979.01530000,746,1758.45000000,257426.70040000,0
1632414780000,146.34000000,146.69000000,146.23000000,146.62000000,3827.79000000,1632414839999,560612.20470000,627,1857.40000000,272047.87850000,0
1632414840000,146.65000000,146.71000000,146.43000000,146.68000000,2415.81000000,1632414899999,354061.73260000,465,819.62000000,120121.34930000,0
1632414900000,146.68000000,147.21000000,146.57000000,147.08000000,5358.97000000,1632414959999,787237.45420000,1430,3159.27000000,464179.87250000,0
1632414960000,147.07000000,147.28000000,146.77000000,146.84000000,5729.68000000,1632415019999,842338.92770000,851,3247.79000000,477594.87230000,0
1632415020000,146.83000000,146.84000000,146.40000000,146.51000000,7717.59000000,1632415079999,1132202.63920000,542,1019.74000000,149444.86280000,0
1632415080000,146.50000000,146.60000000,146.29000000,146.47000000,1870.64000000,1632415139999,273964.55450000,353,1123.21000000,164534.17760000,0
1632415140000,146.48000000,146.53000000,146.29000000,146.52000000,2465.61000000,1632415199999,360905.83030000,483,1706.55000000,249781.04710000,0
1632415200000,146.51000000,146.56000000,145.91000000,145.94000000,1986.67000000,1632415259999,290488.04080000,492,598.68000000,87522.42650000,0
1632415260000,145.96000000,146.22000000,145.81000000,146.14000000,2834.69000000,1632415319999,413934.44490000,410,1985.70000000,290003.22780000,0
1632415320000,146.13000000,146.52000000,146.08000000,146.39000000,2997.50000000,1632415379999,438720.85100000,465,1303.18000000,190697.50650000,0
1632415380000,146.40000000,146.51000000,146.14000000,146.18000000,877.98000000,1632415439999,128494.58890000,216,441.26000000,64584.25520000,0
1632415440000,146.19000000,146.36000000,145.89000000,145.92000000,1285.43000000,1632415499999,187842.99010000,330,496.95000000,72623.90890000,0
1632415500000,145.93000000,146.49000000,145.84000000,146.30000000,3605.17000000,1632415559999,526552.10250000,451,1385.09000000,202459.28440000,0
1632415560000,146.29000000,146.45000000,146.24000000,146.24000000,798.20000000,1632415619999,116801.52690000,211,496.77000000,72702.63710000,0
1632415620000,146.23000000,146.43000000,146.18000000,146.20000000,664.81000000,1632415679999,97252.73020000,238,416.79000000,60975.62900000,0
1632415680000,146.19000000,146.19000000,145.67000000,145.77000000,1339.83000000,1632415739999,195548.86040000,480,485.26000000,70846.94090000,0
1632415740000,145.75000000,145.86000000,145.68000000,145.77000000,1943.10000000,1632415799999,283271.51730000,383,565.48000000,82451.75240000,0
1632415800000,145.77000000,146.10000000,145.66000000,146.01000000,1495.71000000,1632415859999,218151.77650000,381,663.69000000,96805.17870000,0
1632415860000,146.02000000,146.34000000,145.99000000,146.21000000,1105.85000000,1632415919999,161651.34880000,289,623.07000000,91083.03480000,0
1632415920000,146.22000000,146.33000000,146.06000000,146.08000000,1455.49000000,1632415979999,212824.28220000,291,1145.14000000,167453.59710000,0
1632415980000,146.08000000,146.20000000,145.94000000,145.94000000,1018.71000000,1632416039999,148799.17150000,209,376.11000000,54944.84920000,0
1632416040000,145.96000000,146.24000000,145.96000000,146.11000000,1183.06000000,1632416099999,172851.71410000,202,623.68000000,91137.04790000,0
1632416100000,146.11000000,146.14000000,145.90000000,145.91000000,1700.08000000,1632416159999,248249.09310000,227,638.98000000,93320.18200000,0
1632416160000,145.91000000,145.97000000,145.71000000,145.88000000,2440.79000000,1632416219999,355993.56010000,250,1106.53000000,161426.99460000,0
1632416220000,145.87000000,146.07000000,145.77000000,145.97000000,926.98000000,1632416279999,135258.89730000,204,357.05000000,52089.12600000,0
1632416280000,145.95000000,146.29000000,145.95000000,146.19000000,878.28000000,1632416339999,128372.80840000,237,695.31000000,101638.08620000,0
1632416340000,146.19000000,146.25000000,146.06000000,146.17000000,511.66000000,1632416399999,74777.99060000,174,140.89000000,20593.39200000,0
1632416400000,146.17000000,147.15000000,146.17000000,146.97000000,8456.17000000,1632416459999,1241267.67510000,1304,6248.43000000,917185.74580000,0
1632416460000,146.96000000,147.19000000,146.46000000,146.72000000,4851.72000000,1632416519999,712720.33990000,728,3039.30000000,446497.11720000,0
1632416520000,146.71000000,147.22000000,146.70000000,146.95000000,2845.94000000,1632416579999,418260.23260000,568,2103.49000000,309120.02550000,0
1632416580000,146.95000000,147.24000000,146.76000000,146.76000000,3248.17000000,1632416639999,477569.29200000,474,1495.61000000,219959.05480000,0
1632416640000,146.75000000,147.42000000,146.70000000,147.42000000,3663.40000000,1632416699999,538735.34020000,719,2374.26000000,349189.24760000,0
1632416700000,147.38000000,147.60000000,147.18000000,147.42000000,4080.18000000,1632416759999,601478.33970000,1454,2420.92000000,356910.46500000,0
1632416760000,147.44000000,147.66000000,147.22000000,147.52000000,5089.20000000,1632416819999,750733.47490000,1390,2871.69000000,423595.62740000,0
1632416820000,147.56000000,148.11000000,147.50000000,147.97000000,10780.46000000,1632416879999,1594348.86940000,2850,7170.27000000,1060501.57200000,0
1632416880000,147.94000000,148.38000000,147.80000000,148.06000000,8608.13000000,1632416939999,1274936.45480000,1436,4463.32000000,661053.34070000,0
1632416940000,148.07000000,148.15000000,147.80000000,147.95000000,3177.25000000,1632416999999,470128.29210000,750,1866.90000000,276246.99510000,0
1632417000000,147.94000000,148.14000000,147.69000000,147.74000000,6544.88000000,1632417059999,968104.29340000,648,2424.82000000,358648.89420000,0
1632417060000,147.74000000,148.42000000,147.67000000,148.41000000,7120.90000000,1632417119999,1054985.30580000,909,4829.32000000,715443.23730000,0
1632417120000,148.42000000,148.86000000,148.32000000,148.34000000,7998.96000000,1632417179999,1188455.57450000,2011,4984.98000000,740742.34670000,0
1632417180000,148.36000000,148.36000000,147.93000000,148.14000000,3025.49000000,1632417239999,448242.16510000,713,1337.88000000,198191.08290000,0
1632417240000,148.15000000,148.73000000,148.15000000,148.69000000,5171.95000000,1632417299999,767963.45070000,850,3039.55000000,451344.09070000,0
1632417300000,148.69000000,149.52000000,148.69000000,148.97000000,18354.88000000,1632417359999,2736262.96490000,8997,13319.81000000,1985820.27000000,0
1632417360000,149.01000000,149.49000000,148.99000000,149.31000000,6117.74000000,1632417419999,913031.72370000,1125,3638.72000000,543054.61000000,0
1632417420000,149.34000000,149.58000000,149.09000000,149.51000000,6463.70000000,1632417479999,965359.24620000,1727,3785.68000000,565514.21480000,0
1632417480000,149.51000000,149.99000000,149.40000000,149.79000000,9263.45000000,1632417539999,1386651.46580000,2779,7055.43000000,1056370.52100000,0
1632417540000,149.78000000,149.79000000,148.94000000,149.18000000,10791.48000000,1632417599999,1612721.28120000,1686,3830.11000000,572156.31460000,0
1632417600000,149.15000000,149.47000000,148.51000000,148.58000000,5856.21000000,1632417659999,871989.42890000,1262,2625.86000000,391061.67540000,0
1632417660000,148.58000000,148.84000000,148.28000000,148.60000000,9416.50000000,1632417719999,1398848.63260000,1383,5481.56000000,814166.10880000,0
1632417720000,148.60000000,148.76000000,148.38000000,148.65000000,7250.52000000,1632417779999,1077502.45800000,935,4335.65000000,644451.74270000,0
1632417780000,148.67000000,149.04000000,148.57000000,148.78000000,3612.81000000,1632417839999,537520.04750000,966,2350.66000000,349770.71870000,0
1632417840000,148.83000000,149.24000000,148.82000000,149.24000000,3017.06000000,1632417899999,449706.78150000,705,1739.72000000,259316.22020000,0
1632417900000,149.20000000,149.76000000,149.05000000,149.69000000,5746.98000000,1632417959999,858446.43740000,1221,3523.33000000,526280.27760000,0
1632417960000,149.69000000,149.86000000,149.38000000,149.72000000,5252.81000000,1632418019999,786149.19210000,990,2993.18000000,447985.55040000,0
1632418020000,149.71000000,150.00000000,149.34000000,149.75000000,18696.87000000,1632418079999,2800985.24890000,2095,10877.92000000,1629669.49070000,0
1632418080000,149.73000000,149.90000000,149.44000000,149.76000000,10117.09000000,1632418139999,1514292.78010000,875,8090.28000000,1210880.13510000,0
1632418140000,149.76000000,150.17000000,149.70000000,150.17000000,10274.51000000,1632418199999,1540963.90020000,1720,7061.09000000,1059067.07100000,0
1632418200000,150.17000000,150.67000000,150.13000000,150.62000000,14657.49000000,1632418259999,2205517.93430000,3804,9457.98000000,1423171.41790000,0
1632418260000,150.66000000,151.36000000,150.59000000,151.29000000,24778.60000000,1632418319999,3742473.35870000,11428,15462.29000000,2335102.43810000,0
1632418320000,151.22000000,151.80000000,150.64000000,151.11000000,20823.02000000,1632418379999,3149941.63980000,10969,12601.42000000,1906544.86500000,0
1632418380000,151.08000000,151.64000000,150.97000000,151.27000000,14783.69000000,1632418439999,2236176.54750000,1839,6371.11000000,963934.51060000,0
1632418440000,151.28000000,151.28000000,150.62000000,150.85000000,7638.47000000,1632418499999,1153106.87400000,1027,2363.52000000,356788.58920000,0
1632418500000,150.84000000,150.86000000,150.18000000,150.44000000,9786.46000000,1632418559999,1472553.46150000,1777,4330.97000000,651617.63820000,0
1632418560000,150.44000000,150.93000000,150.38000000,150.82000000,5453.37000000,1632418619999,821409.15540000,927,2705.08000000,407518.10250000,0
1632418620000,150.81000000,151.50000000,150.76000000,151.49000000,12009.01000000,1632418679999,1814976.41520000,1330,8040.36000000,1214959.97070000,0
1632418680000,151.46000000,151.47000000,150.89000000,151.07000000,8014.94000000,1632418739999,1211104.03030000,951,2283.23000000,345022.66430000,0
1632418740000,151.08000000,151.24000000,150.91000000,151.16000000,5759.40000000,1632418799999,870248.49120000,790,1868.21000000,282337.20970000,0
1632418800000,151.16000000,151.69000000,151.14000000,151.45000000,6712.34000000,1632418859999,1016683.50880000,1043,3211.74000000,486492.63180000,0
1632418860000,151.46000000,151.65000000,150.82000000,150.97000000,3602.94000000,1632418919999,544819.08730000,875,1481.79000000,224103.72400000,0
1632418920000,150.97000000,151.18000000,150.86000000,151.01000000,3263.72000000,1632418979999,493021.17580000,625,1551.27000000,234357.45490000,0
1632418980000,151.01000000,151.07000000,150.78000000,150.87000000,3163.95000000,1632419039999,477544.08530000,584,1786.00000000,269584.71870000,0
1632419040000,150.88000000,151.34000000,150.76000000,151.02000000,7016.99000000,1632419099999,1060191.42870000,734,5082.87000000,768094.55490000,0
1632419100000,151.01000000,151.69000000,150.89000000,151.53000000,6804.18000000,1632419159999,1030385.41290000,1082,3560.17000000,539068.72590000,0
1632419160000,151.51000000,151.95000000,151.43000000,151.89000000,8702.87000000,1632419219999,1320175.73800000,1608,4528.04000000,687013.86320000,0
1632419220000,151.95000000,151.98000000,151.14000000,151.32000000,10113.87000000,1632419279999,1532804.37410000,1914,5014.69000000,759977.80110000,0
1632419280000,151.28000000,151.35000000,150.84000000,151.12000000,10325.98000000,1632419339999,1559395.46520000,1113,6595.76000000,995994.06880000,0
1632419340000,151.09000000,151.39000000,150.94000000,151.02000000,3569.74000000,1632419399999,539716.14380000,672,1221.47000000,184693.93730000,0
1632419400000,151.05000000,151.39000000,150.74000000,150.99000000,4719.27000000,1632419459999,712945.52460000,840,1793.29000000,270951.40690000,0
1632419460000,150.98000000,151.16000000,150.46000000,151.08000000,6337.71000000,1632419519999,955917.97160000,1305,2425.55000000,365935.45710000,0
1632419520000,151.08000000,151.19000000,150.62000000,150.86000000,4556.27000000,1632419579999,687456.20080000,912,2434.72000000,367396.04350000,0
1632419580000,150.85000000,150.98000000,150.63000000,150.86000000,1966.37000000,1632419639999,296592.42160000,681,791.28000000,119359.61530000,0
1632419640000,150.87000000,151.01000000,150.64000000,150.77000000,5296.13000000,1632419699999,798800.50170000,850,2431.35000000,366781.06140000,0
1632419700000,150.74000000,150.79000000,150.28000000,150.55000000,4129.39000000,1632419759999,621541.15580000,966,1050.72000000,158174.37390000,0
1632419760000,150.54000000,151.00000000,150.47000000,150.90000000,3669.55000000,1632419819999,553368.72600000,844,1728.76000000,260713.26940000,0
1632419820000,150.93000000,150.99000000,150.56000000,150.62000000,8424.25000000,1632419879999,1269916.40590000,628,1886.56000000,284457.57660000,0
1632419880000,150.61000000,151.05000000,150.55000000,150.93000000,3822.27000000,1632419939999,576509.39180000,725,2248.80000000,339131.30930000,0
1632419940000,150.93000000,150.99000000,150.51000000,150.86000000,7906.33000000,1632419999999,1191875.23930000,854,1928.86000000,290754.03330000,0
1632420000000,150.87000000,151.39000000,150.64000000,150.69000000,6859.90000000,1632420059999,1036365.18960000,1320,2793.64000000,422041.16250000,0
1632420060000,150.69000000,150.93000000,150.50000000,150.78000000,5861.55000000,1632420119999,883319.29730000,1104,3468.09000000,522664.40720000,0
1632420120000,150.78000000,150.80000000,150.21000000,150.44000000,3648.92000000,1632420179999,548959.76130000,957,1651.58000000,248462.14590000,0
1632420180000,150.43000000,150.44000000,149.51000000,149.88000000,10111.48000000,1632420239999,1516307.94240000,3840,3162.76000000,474352.79770000,0
1632420240000,149.88000000,149.96000000,149.17000000,149.41000000,7947.26000000,1632420299999,1188543.61980000,4764,2487.45000000,372159.29950000,0
1632420300000,149.42000000,149.52000000,148.81000000,149.02000000,8139.83000000,1632420359999,1213736.30230000,2148,3076.58000000,458716.63580000,0
1632420360000,149.01000000,149.06000000,148.64000000,148.92000000,4771.63000000,1632420419999,710212.72300000,1140,2174.01000000,323517.34930000,0
1632420420000,148.93000000,149.15000000,148.87000000,149.15000000,3323.27000000,1632420479999,495165.40890000,1986,1627.48000000,242540.48350000,0
1632420480000,149.14000000,149.16000000,148.66000000,148.92000000,4443.19000000,1632420539999,661763.05080000,819,2098.44000000,312561.64380000,0
1632420540000,148.88000000,148.91000000,148.46000000,148.59000000,4954.64000000,1632420599999,736661.29830000,1220,1746.08000000,259655.07590000,0
1632420600000,148.58000000,148.82000000,148.14000000,148.37000000,7136.92000000,1632420659999,1059568.03440000,2071,3135.55000000,465713.97830000,0
1632420660000,148.39000000,148.63000000,148.19000000,148.40000000,4379.51000000,1632420719999,649845.69150000,1109,2586.56000000,383832.24190000,0
1632420720000,148.48000000,148.67000000,148.11000000,148.35000000,5395.94000000,1632420779999,800724.23230000,879,1646.93000000,244351.30800000,0
1632420780000,148.37000000,148.57000000,148.00000000,148.24000000,5967.30000000,1632420839999,884404.03440000,1886,2111.13000000,313036.68370000,0
1632420840000,148.22000000,148.57000000,148.03000000,148.43000000,5332.68000000,1632420899999,791166.68580000,2454,3815.42000000,566103.50560000,0
1632420900000,148.40000000,148.61000000,148.12000000,148.52000000,4921.40000000,1632420959999,730045.43220000,946,2030.67000000,301274.21030000,0
1632420960000,148.52000000,148.95000000,148.44000000,148.74000000,5778.43000000,1632421019999,859108.83350000,1714,3137.63000000,466469.53540000,0
1632421020000,148.75000000,148.90000000,148.55000000,148.79000000,2699.66000000,1632421079999,401552.23820000,664,1597.92000000,237697.22890000,0
1632421080000,148.79000000,148.97000000,148.60000000,148.65000000,3961.32000000,1632421139999,589433.84430000,836,2494.00000000,371101.80290000,0
1632421140000,148.67000000,148.82000000,148.60000000,148.71000000,1582.03000000,1632421199999,235250.02650000,503,968.67000000,144054.42260000,0
1632421200000,148.71000000,148.75000000,148.40000000,148.43000000,2606.27000000,1632421259999,387136.68030000,619,797.37000000,118443.23200000,0
1632421260000,148.42000000,148.43000000,148.06000000,148.09000000,12401.09000000,1632421319999,1839075.88340000,1026,2811.11000000,416766.26140000,0
1632421320000,148.09000000,148.20000000,147.83000000,147.89000000,7029.92000000,1632421379999,1040512.43470000,1299,2359.99000000,349345.29780000,0
1632421380000,147.88000000,148.32000000,147.66000000,148.18000000,4392.26000000,1632421439999,649953.73930000,1236,2945.21000000,435959.91780000,0
1632421440000,148.19000000,148.46000000,147.98000000,148.35000000,2312.21000000,1632421499999,342696.43510000,634,1097.66000000,162669.89920000,0
1632421500000,148.35000000,148.87000000,148.34000000,148.84000000,2714.14000000,1632421559999,403353.59770000,768,2035.01000000,302428.92040000,0
1632421560000,148.83000000,149.48000000,148.75000000,149.39000000,6769.06000000,1632421619999,1009795.81440000,1289,5016.98000000,748347.24210000,0
1632421620000,149.39000000,149.55000000,149.06000000,149.10000000,5218.71000000,1632421679999,779305.91090000,844,2070.62000000,309270.40870000,0
1632421680000,149.11000000,149.30000000,148.77000000,148.78000000,4790.85000000,1632421739999,713972.77440000,770,1973.06000000,294126.23460000,0
1632421740000,148.78000000,149.00000000,148.60000000,148.89000000,2758.93000000,1632421799999,410591.26040000,674,1370.61000000,203999.55280000,0
1632421800000,148.89000000,149.38000000,148.76000000,149.33000000,3378.71000000,1632421859999,503846.76630000,657,2149.12000000,320558.90780000,0
1632421860000,149.35000000,149.46000000,149.17000000,149.20000000,4024.43000000,1632421919999,600833.35420000,692,2624.65000000,391839.14340000,0
1632421920000,149.19000000,149.52000000,149.08000000,149.49000000,3422.01000000,1632421979999,510940.79020000,659,2043.84000000,305154.29930000,0
1632421980000,149.48000000,149.49000000,149.00000000,149.19000000,4463.29000000,1632422039999,665944.97720000,750,1152.57000000,172010.74560000,0
1632422040000,149.14000000,149.22000000,149.01000000,149.14000000,2638.27000000,1632422099999,393369.46590000,418,966.59000000,144138.80310000,0
1632422100000,149.13000000,149.13000000,148.41000000,148.51000000,4324.17000000,1632422159999,642934.30670000,927,1557.19000000,231452.65290000,0
1632422160000,148.52000000,148.58000000,148.09000000,148.19000000,6463.07000000,1632422219999,958479.59860000,914,2092.25000000,310368.01070000,0
1632422220000,148.19000000,148.59000000,148.06000000,148.51000000,2265.45000000,1632422279999,336114.47880000,544,1315.91000000,195238.26320000,0
1632422280000,148.51000000,148.51000000,148.16000000,148.43000000,2224.85000000,1632422339999,329929.95050000,506,1348.46000000,199971.83100000,0
1632422340000,148.42000000,148.45000000,148.20000000,148.27000000,1776.20000000,1632422399999,263448.84280000,522,898.49000000,133261.13470000,0
1632422400000,148.27000000,148.42000000,148.22000000,148.35000000,1879.63000000,1632422459999,278748.27020000,454,1533.03000000,227342.12900000,0
1632422460000,148.34000000,148.71000000,148.19000000,148.62000000,1348.90000000,1632422519999,200235.59210000,456,685.60000000,101824.28040000,0
1632422520000,148.63000000,148.72000000,148.28000000,148.33000000,1536.21000000,1632422579999,228122.93420000,474,716.03000000,106341.85480000,0
1632422580000,148.33000000,148.47000000,148.30000000,148.34000000,983.49000000,1632422639999,145930.90490000,368,614.63000000,91201.95950000,0
1632422640000,148.35000000,148.47000000,148.14000000,148.36000000,3310.18000000,1632422699999,490783.79100000,522,996.90000000,147821.01890000,0
1632422700000,148.36000000,148.66000000,148.25000000,148.44000000,1832.67000000,1632422759999,272134.47020000,525,880.09000000,130669.21940000,0
1632422760000,148.45000000,148.93000000,148.41000000,148.93000000,2209.52000000,1632422819999,328632.13620000,532,1694.55000000,252091.90540000,0
1632422820000,148.86000000,148.96000000,148.69000000,148.75000000,2804.04000000,1632422879999,417268.38310000,604,1339.68000000,199381.44320000,0
1632422880000,148.73000000,148.75000000,148.32000000,148.51000000,1931.45000000,1632422939999,286843.57130000,545,794.66000000,118034.84400000,0
1632422940000,148.50000000,148.50000000,148.16000000,148.37000000,2253.79000000,1632422999999,334301.05310000,584,1058.69000000,157064.14620000,0
1632423000000,148.39000000,148.50000000,148.36000000,148.40000000,816.31000000,1632423059999,121153.20570000,354,448.60000000,66578.66650000,0
1632423060000,148.40000000,148.50000000,148.30000000,148.41000000,1638.52000000,1632423119999,243175.95470000,512,689.01000000,102272.62270000,0
1632423120000,148.41000000,148.66000000,148.32000000,148.58000000,4245.86000000,1632423179999,630386.17680000,396,3683.80000000,546940.94200000,0
1632423180000,148.62000000,148.62000000,148.38000000,148.45000000,1523.02000000,1632423239999,226123.77600000,451,747.51000000,110986.69180000,0
1632423240000,148.43000000,148.61000000,148.34000000,148.49000000,1136.01000000,1632423299999,168618.38270000,479,634.63000000,94201.76880000,0
1632423300000,148.48000000,148.49000000,148.33000000,148.36000000,1375.35000000,1632423359999,204084.88740000,497,730.63000000,108415.76550000,0
1632423360000,148.36000000,148.68000000,148.19000000,148.66000000,2807.60000000,1632423419999,416536.74600000,557,1031.87000000,153112.71750000,0
1632423420000,148.67000000,149.04000000,148.62000000,148.96000000,1525.81000000,1632423479999,227047.24870000,627,932.31000000,138740.52410000,0
1632423480000,148.96000000,149.01000000,148.59000000,148.80000000,1365.70000000,1632423539999,203252.47550000,485,816.22000000,121470.42160000,0
1632423540000,148.82000000,148.87000000,148.62000000,148.74000000,705.42000000,1632423599999,104936.95090000,348,459.69000000,68381.19130000,0
1632423600000,148.73000000,149.15000000,148.73000000,149.12000000,3009.41000000,1632423659999,448558.65400000,407,1060.43000000,158031.10960000,0
1632423660000,149.12000000,149.12000000,148.92000000,149.00000000,1635.36000000,1632423719999,243686.30810000,286,956.08000000,142469.92750000,0
1632423720000,148.97000000,149.02000000,148.75000000,149.00000000,2081.37000000,1632423779999,309922.27830000,371,808.78000000,120441.24500000,0
1632423780000,148.99000000,149.10000000,148.85000000,148.88000000,2279.13000000,1632423839999,339575.22470000,310,939.61000000,139992.17910000,0
1632423840000,148.86000000,148.96000000,148.70000000,148.71000000,1197.50000000,1632423899999,178200.13880000,285,577.25000000,85909.97800000,0
1632423900000,148.69000000,148.71000000,148.25000000,148.32000000,2300.69000000,1632423959999,341668.68260000,495,608.30000000,90351.57670000,0
1632423960000,148.35000000,148.52000000,148.26000000,148.36000000,1304.35000000,1632424019999,193520.85710000,244,671.37000000,99610.46790000,0
1632424020000,148.35000000,148.51000000,148.31000000,148.40000000,530.10000000,1632424079999,78656.23780000,193,302.33000000,44856.62230000,0
1632424080000,148.40000000,148.75000000,148.40000000,148.51000000,1186.96000000,1632424139999,176369.51920000,243,551.28000000,81894.46800000,0
1632424140000,148.48000000,149.23000000,148.46000000,149.14000000,3192.23000000,1632424199999,475535.09490000,542,2079.85000000,309955.86750000,0
1632424200000,149.16000000,149.25000000,148.86000000,148.93000000,2680.29000000,1632424259999,399706.16390000,441,1671.89000000,249326.14230000,0
1632424260000,148.92000000,149.19000000,148.79000000,149.01000000,2029.25000000,1632424319999,302382.39450000,266,1429.60000000,213020.87650000,0
1632424320000,149.01000000,149.37000000,148.90000000,149.28000000,3090.32000000,1632424379999,460910.99610000,482,1262.95000000,188461.91460000,0
1632424380000,149.23000000,149.32000000,148.92000000,149.01000000,2211.58000000,1632424439999,329750.75610000,324,1128.98000000,168345.93680000,0
1632424440000,149.01000000,149.84000000,149.01000000,149.77000000,3943.23000000,1632424499999,589708.91380000,1020,2557.76000000,382455.66590000,0
1632424500000,149.78000000,149.86000000,149.63000000,149.64000000,1654.70000000,1632424559999,247837.12530000,404,796.49000000,119300.13570000,0
1632424560000,149.64000000,149.71000000,149.36000000,149.46000000,2225.89000000,1632424619999,332761.31930000,381,926.23000000,138480.38700000,0
1632424620000,149.47000000,149.57000000,149.11000000,149.14000000,2030.89000000,1632424679999,303300.95310000,406,902.49000000,134759.33270000,0
1632424680000,149.11000000,149.34000000,149.03000000,149.18000000,2003.46000000,1632424739999,298910.58590000,281,978.90000000,146085.72230000,0
1632424740000,149.18000000,149.35000000,149.07000000,149.07000000,2083.79000000,1632424799999,310914.94550000,289,616.90000000,92063.77190000,0
1632424800000,149.08000000,149.40000000,149.03000000,149.23000000,6361.76000000,1632424859999,949283.44950000,428,5241.41000000,782045.77950000,0
1632424860000,149.23000000,149.67000000,149.22000000,149.61000000,1239.24000000,1632424919999,185254.37770000,302,842.52000000,125943.28330000,0
1632424920000,149.60000000,149.69000000,149.21000000,149.30000000,3462.67000000,1632424979999,517331.18430000,324,488.75000000,73073.62110000,0
1632424980000,149.30000000,149.71000000,149.26000000,149.70000000,2250.61000000,1632425039999,336586.99950000,429,1049.24000000,156930.42410000,0
1632425040000,149.70000000,149.81000000,149.44000000,149.44000000,2541.60000000,1632425099999,380360.84910000,454,1138.19000000,170339.57880000,0
1632425100000,149.44000000,149.69000000,149.18000000,149.25000000,2665.39000000,1632425159999,398327.74980000,410,1235.34000000,184604.45760000,0
1632425160000,149.22000000,149.31000000,148.67000000,148.81000000,6516.80000000,1632425219999,970416.44900000,734,1056.83000000,157503.99560000,0
1632425220000,148.81000000,148.91000000,148.72000000,148.74000000,1556.74000000,1632425279999,231694.25800000,270,771.40000000,114835.79160000,0
1632425280000,148.75000000,148.88000000,148.43000000,148.54000000,7131.30000000,1632425339999,1060597.02610000,642,1654.38000000,246054.79890000,0
1632425340000,148.56000000,148.59000000,148.20000000,148.21000000,2521.83000000,1632425399999,374195.33960000,541,1200.06000000,178105.51620000,0
1632425400000,148.20000000,148.57000000,148.16000000,148.50000000,3736.28000000,1632425459999,554499.60470000,475,2140.32000000,317641.80400000,0
1632425460000,148.50000000,148.79000000,148.50000000,148.63000000,1417.76000000,1632425519999,210775.52370000,267,632.98000000,94120.41810000,0
1632425520000,148.65000000,148.99000000,148.57000000,148.96000000,1666.09000000,1632425579999,247979.23220000,279,880.70000000,131088.84190000,0
1632425580000,148.93000000,149.28000000,148.93000000,149.28000000,1507.91000000,1632425639999,224868.07910000,365,903.66000000,134751.48950000,0
1632425640000,149.29000000,149.60000000,149.27000000,149.38000000,4612.36000000,1632425699999,689376.87910000,579,2124.59000000,317557.87930000,0
1632425700000,149.39000000,149.45000000,149.15000000,149.33000000,995.52000000,1632425759999,148629.52310000,235,567.47000000,84717.93830000,0
1632425760000,149.34000000,149.49000000,149.19000000,149.28000000,1104.34000000,1632425819999,164920.81280000,202,896.10000000,133819.08090000,0
1632425820000,149.27000000,149.33000000,149.04000000,149.13000000,1544.36000000,1632425879999,230398.36480000,263,748.24000000,111634.12750000,0
1632425880000,149.15000000,149.38000000,149.13000000,149.29000000,1539.51000000,1632425939999,229756.00300000,246,995.09000000,148495.54010000,0
1632425940000,149.29000000,149.49000000,149.23000000,149.26000000,1376.38000000,1632425999999,205576.91810000,246,746.88000000,111554.51370000,0
1632426000000,149.25000000,149.32000000,149.10000000,149.11000000,527.60000000,1632426059999,78706.74550000,176,253.11000000,37756.49660000,0
1632426060000,149.11000000,149.25000000,148.88000000,149.14000000,4036.24000000,1632426119999,601558.36000000,389,1608.50000000,239787.39570000,0
1632426120000,149.09000000,149.24000000,148.84000000,148.87000000,1095.89000000,1632426179999,163359.26900000,241,551.78000000,82232.71000000,0
1632426180000,148.89000000,149.20000000,148.89000000,149.19000000,600.04000000,1632426239999,89454.37080000,180,254.48000000,37934.42240000,0
1632426240000,149.18000000,149.25000000,149.01000000,149.08000000,881.13000000,1632426299999,131396.49220000,198,338.18000000,50437.78070000,0
1632426300000,149.10000000,149.21000000,149.02000000,149.11000000,612.83000000,1632426359999,91382.41520000,172,349.74000000,52152.74570000,0
1632426360000,149.10000000,149.37000000,149.00000000,149.30000000,1248.36000000,1632426419999,186289.79380000,213,605.92000000,90421.91060000,0
1632426420000,149.33000000,149.59000000,149.33000000,149.54000000,2855.40000000,1632426479999,426855.89630000,363,1121.21000000,167604.54620000,0
1632426480000,149.58000000,149.74000000,149.44000000,149.49000000,2731.87000000,1632426539999,408594.20350000,444,1532.40000000,229164.70890000,0
1632426540000,149.48000000,149.48000000,149.23000000,149.29000000,2070.10000000,1632426599999,309165.53400000,309,987.45000000,147487.97480000,0
1632426600000,149.26000000,149.61000000,149.26000000,149.48000000,1882.01000000,1632426659999,281210.57600000,341,1237.78000000,184928.72110000,0
1632426660000,149.49000000,149.54000000,149.24000000,149.30000000,1598.24000000,1632426719999,238822.06370000,222,855.80000000,127857.40400000,0
1632426720000,149.30000000,149.47000000,149.27000000,149.33000000,1359.46000000,1632426779999,203040.46210000,204,463.42000000,69221.03330000,0
1632426780000,149.34000000,149.46000000,149.25000000,149.40000000,1166.08000000,1632426839999,174167.93790000,215,725.08000000,108286.98520000,0
1632426840000,149.40000000,149.86000000,149.30000000,149.83000000,1812.01000000,1632426899999,271153.42310000,384,1034.37000000,154769.93950000,0
1632426900000,149.81000000,150.20000000,149.75000000,150.13000000,9081.09000000,1632426959999,1362038.99990000,1215,6979.31000000,1046805.72660000,0
1632426960000,150.13000000,150.14000000,149.85000000,149.85000000,3812.19000000,1632427019999,571879.33650000,453,1196.91000000,179520.52480000,0
1632427020000,149.86000000,150.22000000,149.86000000,150.21000000,2758.38000000,1632427079999,414062.11230000,363,2106.34000000,316173.10390000,0
1632427080000,150.18000000,150.23000000,149.64000000,149.71000000,2199.59000000,1632427139999,329839.04110000,344,646.68000000,97016.06910000,0
1632427140000,149.72000000,149.81000000,149.55000000,149.61000000,1505.27000000,1632427199999,225342.09130000,290,650.74000000,97422.79870000,0
1632427200000,149.60000000,150.09000000,149.60000000,149.96000000,2031.51000000,1632427259999,304482.80420000,375,1119.03000000,167762.72810000,0
1632427260000,149.94000000,149.94000000,149.72000000,149.80000000,1658.90000000,1632427319999,248529.13380000,258,1213.79000000,181845.40830000,0
1632427320000,149.78000000,149.79000000,149.05000000,149.11000000,4093.07000000,1632427379999,611505.79480000,714,1825.47000000,272696.37070000,0
1632427380000,149.13000000,149.26000000,148.61000000,148.69000000,3738.97000000,1632427439999,556712.13840000,691,1541.02000000,229465.43670000,0
1632427440000,148.67000000,148.92000000,148.52000000,148.86000000,3753.08000000,1632427499999,557879.63390000,511,2078.94000000,309031.32040000,0
1632427500000,148.83000000,149.40000000,148.74000000,149.40000000,1481.01000000,1632427559999,220705.08780000,345,880.21000000,131191.71830000,0
1632427560000,149.33000000,149.41000000,149.11000000,149.15000000,2181.11000000,1632427619999,325599.43880000,295,822.75000000,122806.49800000,0
1632427620000,149.14000000,149.33000000,149.03000000,149.06000000,1410.96000000,1632427679999,210439.69420000,237,386.57000000,57662.07800000,0
1632427680000,149.06000000,149.37000000,149.03000000,149.10000000,1325.60000000,1632427739999,197800.07390000,258,866.04000000,129219.46640000,0
1632427740000,149.10000000,149.15000000,148.77000000,148.95000000,1422.42000000,1632427799999,211891.08760000,257,534.86000000,79674.17550000,0
1632427800000,148.95000000,149.08000000,148.82000000,149.02000000,1275.23000000,1632427859999,189955.40360000,264,503.89000000,75061.03880000,0
1632427860000,149.00000000,149.04000000,148.74000000,148.87000000,2745.31000000,1632427919999,408695.66050000,302,501.43000000,74637.66960000,0
1632427920000,148.91000000,148.99000000,148.78000000,148.99000000,906.65000000,1632427979999,134982.94130000,193,447.12000000,66570.12660000,0
1632427980000,148.99000000,148.99000000,148.78000000,148.85000000,1155.50000000,1632428039999,171999.54510000,192,518.68000000,77206.42910000,0
1632428040000,148.85000000,149.15000000,148.83000000,149.11000000,1126.25000000,1632428099999,167811.09790000,210,601.02000000,89560.69050000,0
1632428100000,149.09000000,149.21000000,148.96000000,149.03000000,2058.50000000,1632428159999,306916.51080000,280,856.88000000,127768.67430000,0
1632428160000,149.03000000,149.24000000,149.02000000,149.02000000,1613.51000000,1632428219999,240592.15140000,297,1183.89000000,176532.08640000,0
1632428220000,149.04000000,149.15000000,148.83000000,148.88000000,1052.13000000,1632428279999,156705.46130000,224,399.12000000,59447.88860000,0
1632428280000,148.88000000,148.91000000,148.00000000,148.17000000,5287.76000000,1632428339999,784523.91890000,1076,1671.98000000,248130.29290000,0
1632428340000,148.20000000,148.55000000,148.00000000,148.16000000,6666.04000000,1632428399999,988398.97470000,846,2235.42000000,331417.71450000,0
1632428400000,148.13000000,148.31000000,147.69000000,148.16000000,8221.73000000,1632428459999,1216284.90900000,1624,3790.36000000,560847.95780000,0
1632428460000,148.16000000,148.41000000,148.12000000,148.18000000,2317.18000000,1632428519999,343642.75280000,382,1500.90000000,222588.98240000,0
1632428520000,148.26000000,148.28000000,147.87000000,148.06000000,2140.77000000,1632428579999,316889.36840000,366,1234.18000000,182713.77610000,0
1632428580000,148.11000000,148.58000000,148.11000000,148.24000000,2242.70000000,1632428639999,332691.52050000,485,1172.25000000,173917.34310000,0
1632428640000,148.23000000,148.23000000,148.01000000,148.02000000,1457.00000000,1632428699999,215777.27810000,252,687.15000000,101762.47950000,0
1632428700000,148.03000000,148.22000000,147.90000000,147.94000000,2098.65000000,1632428759999,310698.05960000,277,573.81000000,84972.16570000,0
1632428760000,147.94000000,148.07000000,147.63000000,147.83000000,3325.31000000,1632428819999,491435.59880000,642,1585.23000000,234228.46700000,0
1632428820000,147.82000000,147.92000000,147.63000000,147.68000000,3232.29000000,1632428879999,477598.60990000,369,1171.10000000,173066.62830000,0
1632428880000,147.64000000,148.00000000,147.64000000,147.69000000,1415.94000000,1632428939999,209323.20230000,313,815.13000000,120528.65870000,0
1632428940000,147.69000000,147.86000000,147.35000000,147.63000000,4529.19000000,1632428999999,668448.89860000,1704,1415.83000000,208983.61450000,0
1632429000000,147.64000000,148.26000000,147.62000000,148.12000000,2103.57000000,1632429059999,311271.81960000,679,1238.42000000,183277.39620000,0
1632429060000,148.13000000,148.39000000,148.12000000,148.33000000,1729.30000000,1632429119999,256409.15660000,315,972.34000000,144151.85840000,0
1632429120000,148.33000000,148.34000000,148.14000000,148.15000000,861.40000000,1632429179999,127665.64490000,188,538.29000000,79782.36320000,0
1632429180000,148.14000000,148.14000000,147.79000000,147.91000000,1963.32000000,1632429239999,290494.13850000,335,894.90000000,132388.94060000,0
1632429240000,147.93000000,148.19000000,147.93000000,148.17000000,883.18000000,1632429299999,130762.86690000,205,433.52000000,64176.39190000,0
1632429300000,148.19000000,148.31000000,148.11000000,148.16000000,1405.15000000,1632429359999,208265.42310000,335,626.01000000,92781.10160000,0
1632429360000,148.15000000,148.17000000,147.87000000,147.90000000,1094.55000000,1632429419999,162028.95490000,177,817.94000000,121080.36660000,0
1632429420000,147.92000000,148.09000000,147.67000000,147.69000000,1582.17000000,1632429479999,233883.09750000,337,772.92000000,114257.92300000,0
1632429480000,147.70000000,147.92000000,147.67000000,147.79000000,1109.72000000,1632429539999,164045.04940000,174,747.07000000,110420.51720000,0
1632429540000,147.81000000,148.26000000,147.81000000,148.20000000,1352.58000000,1632429599999,200354.03370000,295,439.45000000,65096.12610000,0
1632429600000,148.18000000,148.26000000,148.03000000,148.22000000,592.22000000,1632429659999,87744.24200000,161,428.87000000,63548.50000000,0
1632429660000,148.19000000,148.54000000,148.19000000,148.46000000,1365.89000000,1632429719999,202693.85430000,320,941.98000000,139808.72720000,0
1632429720000,148.43000000,148.46000000,148.30000000,148.34000000,1010.60000000,1632429779999,149956.65370000,181,241.91000000,35898.24640000,0
1632429780000,148.32000000,148.36000000,148.14000000,148.29000000,777.74000000,1632429839999,115266.26660000,168,508.68000000,75386.18710000,0
1632429840000,148.27000000,148.78000000,148.24000000,148.74000000,878.09000000,1632429899999,130445.47860000,323,624.72000000,92820.11450000,0
1632429900000,148.71000000,148.84000000,148.58000000,148.63000000,1221.37000000,1632429959999,181629.24900000,316,606.70000000,90202.80520000,0
1632429960000,148.61000000,148.76000000,148.33000000,148.62000000,1837.19000000,1632430019999,272830.75180000,282,1209.16000000,179566.21010000,0
1632430020000,148.62000000,148.74000000,148.49000000,148.56000000,1215.67000000,1632430079999,180698.08860000,181,590.28000000,87744.94460000,0
1632430080000,148.59000000,148.61000000,148.22000000,148.24000000,732.74000000,1632430139999,108756.70700000,175,360.54000000,53518.43760000,0
1632430140000,148.23000000,148.35000000,147.94000000,148.00000000,1504.14000000,1632430199999,222752.96100000,314,539.77000000,79938.22520000,0
1632430200000,148.02000000,148.04000000,147.82000000,147.95000000,1005.71000000,1632430259999,148786.03690000,264,474.49000000,70198.41610000,0
1632430260000,147.93000000,148.24000000,147.93000000,148.13000000,667.95000000,1632430319999,98929.70430000,132,410.82000000,60838.56280000,0
1632430320000,148.15000000,148.15000000,147.92000000,147.96000000,667.59000000,1632430379999,98825.25520000,150,347.32000000,51406.15610000,0
1632430380000,147.95000000,148.08000000,147.83000000,147.95000000,2027.21000000,1632430439999,299951.78630000,242,1134.15000000,167814.84960000,0
1632430440000,147.96000000,148.01000000,147.85000000,147.89000000,824.47000000,1632430499999,121969.93480000,148,499.40000000,73878.12730000,0
1632430500000,147.88000000,148.30000000,147.87000000,148.18000000,1755.12000000,1632430559999,259929.38910000,252,1257.84000000,186276.14900000,0
1632430560000,148.20000000,148.67000000,148.16000000,148.56000000,2015.19000000,1632430619999,299106.08430000,312,1442.06000000,214075.27230000,0
1632430620000,148.50000000,148.83000000,148.50000000,148.74000000,2554.78000000,1632430679999,379858.08250000,339,1453.77000000,216130.28670000,0
1632430680000,148.73000000,148.75000000,148.27000000,148.37000000,1524.93000000,1632430739999,226442.16320000,271,547.11000000,81213.96960000,0
1632430740000,148.38000000,148.58000000,148.38000000,148.56000000,241.63000000,1632430799999,35880.26020000,120,131.34000000,19504.58350000,0
1632430800000,148.55000000,148.79000000,148.52000000,148.71000000,728.94000000,1632430859999,108378.19210000,245,403.59000000,60004.56410000,0
1632430860000,148.68000000,148.79000000,148.60000000,148.61000000,800.78000000,1632430919999,119090.06260000,167,545.56000000,81141.90710000,0
1632430920000,148.62000000,148.87000000,148.56000000,148.73000000,1061.39000000,1632430979999,157889.63400000,225,527.21000000,78415.70390000,0
1632430980000,148.73000000,148.91000000,148.68000000,148.91000000,1061.99000000,1632431039999,158000.14660000,228,355.90000000,52953.51760000,0
1632431040000,148.89000000,149.00000000,148.89000000,148.95000000,1300.21000000,1632431099999,193650.47260000,286,695.40000000,103575.86540000,0
1632431100000,148.95000000,148.97000000,148.85000000,148.93000000,1076.24000000,1632431159999,160255.95100000,220,380.49000000,56660.90380000,0
1632431160000,148.93000000,148.96000000,148.75000000,148.80000000,701.63000000,1632431219999,104431.74880000,164,138.19000000,20570.60800000,0
1632431220000,148.80000000,148.80000000,148.65000000,148.72000000,809.74000000,1632431279999,120422.22910000,166,514.78000000,76559.04220000,0
1632431280000,148.68000000,148.74000000,148.38000000,148.38000000,864.82000000,1632431339999,128441.50970000,209,280.35000000,41644.94420000,0
1632431340000,148.38000000,148.84000000,148.36000000,148.79000000,4505.67000000,1632431399999,669524.61860000,511,2806.82000000,417065.92900000,0
1632431400000,148.79000000,148.99000000,148.76000000,148.76000000,1990.14000000,1632431459999,296305.65440000,318,727.07000000,108252.30920000,0
1632431460000,148.76000000,148.86000000,148.54000000,148.57000000,721.70000000,1632431519999,107313.21120000,206,329.45000000,48992.00600000,0
1632431520000,148.56000000,148.75000000,148.50000000,148.59000000,1616.15000000,1632431579999,240187.52360000,239,636.24000000,94555.45560000,0
1632431580000,148.58000000,148.95000000,148.46000000,148.88000000,2240.20000000,1632431639999,333095.50720000,329,1460.57000000,217121.79180000,0
1632431640000,148.94000000,149.50000000,148.90000000,149.44000000,6692.06000000,1632431699999,997950.91140000,1572,4975.02000000,741827.40030000,0
1632431700000,149.37000000,149.40000000,149.09000000,149.25000000,828.94000000,1632431759999,123721.25460000,257,416.18000000,62113.27350000,0
1632431760000,149.24000000,149.35000000,149.17000000,149.34000000,2294.76000000,1632431819999,342498.83760000,230,1690.19000000,252264.72520000,0
1632431820000,149.33000000,149.45000000,149.30000000,149.45000000,802.18000000,1632431879999,119825.96630000,193,513.56000000,76717.98410000,0
1632431880000,149.44000000,149.59000000,149.07000000,149.18000000,2322.69000000,1632431939999,346912.78710000,377,1208.36000000,180617.69660000,0
1632431940000,149.18000000,149.23000000,148.96000000,148.99000000,804.96000000,1632431999999,119994.81170000,223,516.35000000,76973.14760000,0
1632432000000,149.03000000,149.16000000,148.91000000,149.02000000,922.39000000,1632432059999,137466.85770000,211,535.75000000,79851.76560000,0
1632432060000,149.02000000,149.30000000,149.01000000,149.23000000,510.97000000,1632432119999,76220.43010000,148,276.09000000,41185.51070000,0
1632432120000,149.23000000,149.47000000,149.22000000,149.43000000,1013.39000000,1632432179999,151329.83790000,214,451.80000000,67475.59210000,0
1632432180000,149.41000000,149.46000000,149.24000000,149.42000000,734.95000000,1632432239999,109766.80090000,185,382.68000000,57150.88160000,0
1632432240000,149.42000000,149.44000000,149.11000000,149.27000000,878.42000000,1632432299999,131137.60070000,198,336.12000000,50179.68990000,0
1632432300000,149.27000000,149.42000000,149.22000000,149.26000000,976.88000000,1632432359999,145867.75600000,204,681.73000000,101803.27190000,0
1632432360000,149.26000000,149.31000000,149.16000000,149.31000000,773.58000000,1632432419999,115443.31610000,175,404.02000000,60298.34780000,0
1632432420000,149.28000000,149.47000000,149.28000000,149.40000000,1103.92000000,1632432479999,164915.09470000,237,545.75000000,81527.50720000,0
1632432480000,149.37000000,149.54000000,149.33000000,149.40000000,1632.79000000,1632432539999,243999.54890000,216,1004.57000000,150142.32590000,0
1632432540000,149.42000000,149.84000000,149.41000000,149.75000000,3790.32000000,1632432599999,567286.52660000,764,2766.34000000,414102.88430000,0
1632432600000,149.76000000,149.93000000,149.60000000,149.60000000,1957.90000000,1632432659999,293355.73690000,533,1432.68000000,214685.42020000,0
1632432660000,149.60000000,149.61000000,149.34000000,149.39000000,1218.25000000,1632432719999,182092.54550000,272,294.05000000,43950.09760000,0
1632432720000,149.38000000,149.47000000,149.31000000,149.31000000,704.55000000,1632432779999,105252.76050000,190,244.50000000,36528.41060000,0
1632432780000,149.35000000,149.37000000,149.06000000,149.26000000,699.02000000,1632432839999,104289.09830000,252,283.95000000,42373.13860000,0
1632432840000,149.26000000,149.59000000,149.24000000,149.25000000,1018.94000000,1632432899999,152274.19930000,230,479.03000000,71605.00030000,0
1632432900000,149.33000000,149.56000000,149.21000000,149.30000000,557.38000000,1632432959999,83260.59440000,153,294.28000000,43954.24930000,0
1632432960000,149.29000000,149.30000000,149.20000000,149.28000000,423.63000000,1632433019999,63230.59230000,175,146.15000000,21817.78480000,0
1632433020000,149.26000000,149.91000000,149.26000000,149.74000000,4501.47000000,1632433079999,673487.76310000,369,3812.14000000,570324.91830000,0
1632433080000,149.73000000,149.73000000,149.56000000,149.62000000,498.22000000,1632433139999,74556.66020000,166,195.71000000,29288.60950000,0
1632433140000,149.63000000,149.63000000,149.38000000,149.53000000,1020.31000000,1632433199999,152544.89640000,185,208.99000000,31235.46450000,0
1632433200000,149.54000000,149.64000000,149.32000000,149.36000000,1068.69000000,1632433259999,159719.64100000,226,224.62000000,33588.90180000,0
1632433260000,149.35000000,149.40000000,149.28000000,149.28000000,586.54000000,1632433319999,87597.70480000,123,97.70000000,14591.76510000,0
1632433320000,149.31000000,149.33000000,149.22000000,149.26000000,375.23000000,1632433379999,56010.67900000,145,251.34000000,37518.40450000,0
1632433380000,149.24000000,149.25000000,148.51000000,148.60000000,3278.38000000,1632433439999,488132.08090000,586,756.80000000,112708.54450000,0
1632433440000,148.61000000,148.81000000,148.50000000,148.66000000,2378.64000000,1632433499999,353614.29170000,236,181.99000000,27062.14250000,0
1632433500000,148.68000000,149.09000000,148.66000000,148.98000000,1328.55000000,1632433559999,197849.37100000,255,768.84000000,114481.53480000,0
1632433560000,148.94000000,149.03000000,148.91000000,148.99000000,851.93000000,1632433619999,126907.74240000,161,498.93000000,74326.96290000,0
1632433620000,149.00000000,149.15000000,148.95000000,149.14000000,665.60000000,1632433679999,99211.94350000,159,405.77000000,60485.95750000,0
1632433680000,149.13000000,149.24000000,149.13000000,149.16000000,660.53000000,1632433739999,98535.75240000,182,382.57000000,57074.07320000,0
1632433740000,149.16000000,149.20000000,148.85000000,148.98000000,1153.11000000,1632433799999,171910.04860000,203,467.94000000,69765.83750000,0
1632433800000,148.97000000,149.00000000,148.77000000,148.86000000,730.38000000,1632433859999,108724.46880000,197,275.92000000,41074.94820000,0
1632433860000,148.82000000,148.82000000,148.58000000,148.66000000,1452.28000000,1632433919999,215983.88580000,229,484.96000000,72119.84230000,0
1632433920000,148.67000000,148.70000000,148.51000000,148.67000000,1870.84000000,1632433979999,278043.61180000,243,679.93000000,101099.45070000,0
1632433980000,148.67000000,148.70000000,148.60000000,148.68000000,272.24000000,1632434039999,40472.41960000,137,71.95000000,10697.18570000,0
1632434040000,148.69000000,149.06000000,148.64000000,149.05000000,4335.64000000,1632434099999,644771.07450000,294,4130.43000000,614243.64970000,0
1632434100000,149.03000000,149.39000000,149.03000000,149.28000000,1941.17000000,1632434159999,289763.83820000,292,1740.32000000,259796.03240000,0
1632434160000,149.26000000,149.34000000,148.93000000,149.04000000,1398.81000000,1632434219999,208619.39900000,258,610.98000000,91138.98000000,0
1632434220000,148.99000000,149.19000000,148.99000000,149.17000000,354.65000000,1632434279999,52875.72230000,111,211.43000000,31522.68180000,0
1632434280000,149.17000000,149.30000000,149.12000000,149.26000000,875.24000000,1632434339999,130595.60230000,226,411.76000000,61442.86400000,0
1632434340000,149.28000000,149.30000000,149.10000000,149.14000000,1399.63000000,1632434399999,208776.90420000,258,484.43000000,72257.17520000,0
1632434400000,149.15000000,149.65000000,149.14000000,149.59000000,3728.02000000,1632434459999,556656.98930000,531,2980.14000000,444882.13750000,0
1632434460000,149.58000000,149.70000000,149.19000000,149.47000000,1719.35000000,1632434519999,256955.01540000,365,778.53000000,116383.75370000,0
1632434520000,149.50000000,149.61000000,149.39000000,149.46000000,1413.77000000,1632434579999,211396.61190000,266,503.08000000,75222.83080000,0
1632434580000,149.46000000,149.52000000,149.06000000,149.44000000,1441.33000000,1632434639999,215215.32160000,337,488.11000000,72893.06780000,0
1632434640000,149.41000000,149.50000000,149.27000000,149.40000000,824.68000000,1632434699999,123192.04320000,191,398.67000000,59554.15750000,0
1632434700000,149.40000000,149.50000000,149.27000000,149.39000000,784.23000000,1632434759999,117130.72200000,197,590.26000000,88156.24300000,0
1632434760000,149.39000000,150.00000000,149.32000000,149.93000000,4115.81000000,1632434819999,616481.01200000,756,3380.09000000,506314.09620000,0
1632434820000,149.92000000,150.07000000,149.83000000,150.00000000,4823.44000000,1632434879999,723366.15900000,1010,3088.02000000,463142.64830000,0
1632434880000,149.99000000,150.60000000,149.99000000,150.52000000,7267.94000000,1632434939999,1092203.83150000,2138,5161.11000000,775511.24670000,0
1632434940000,150.52000000,150.60000000,150.02000000,150.23000000,2497.29000000,1632434999999,375162.18150000,794,1126.97000000,169318.22460000,0
1632435000000,150.26000000,150.34000000,149.62000000,149.92000000,3870.80000000,1632435059999,580319.49500000,879,2193.66000000,328859.47210000,0
1632435060000,149.92000000,150.18000000,149.78000000,150.02000000,1358.55000000,1632435119999,203753.13220000,411,634.51000000,95186.45450000,0
1632435120000,150.02000000,150.20000000,149.92000000,150.09000000,2309.48000000,1632435179999,346494.86030000,452,1018.24000000,152773.41760000,0
1632435180000,150.10000000,150.23000000,149.91000000,150.19000000,1339.33000000,1632435239999,200975.42390000,401,546.65000000,82016.30470000,0
1632435240000,150.17000000,150.23000000,149.90000000,150.01000000,1252.66000000,1632435299999,187927.64900000,263,541.51000000,81238.06940000,0
1632435300000,150.02000000,150.12000000,149.74000000,149.90000000,1386.77000000,1632435359999,207867.46310000,346,438.79000000,65796.33620000,0
1632435360000,149.91000000,149.91000000,149.49000000,149.67000000,3547.73000000,1632435419999,530893.84220000,343,564.03000000,84434.38390000,0
1632435420000,149.68000000,149.77000000,149.42000000,149.64000000,1467.79000000,1632435479999,219582.94440000,377,779.59000000,116636.58280000,0
1632435480000,149.60000000,149.61000000,149.21000000,149.32000000,4094.87000000,1632435539999,611636.10680000,584,1335.37000000,199405.27840000,0
1632435540000,149.37000000,149.49000000,147.50000000,147.85000000,27420.76000000,1632435599999,4067859.22340000,4677,8540.48000000,1264460.48560000,0
1632435600000,147.85000000,148.00000000,147.41000000,147.48000000,6453.19000000,1632435659999,953065.61720000,1174,2866.51000000,423416.13060000,0
1632435660000,147.52000000,147.73000000,146.70000000,146.83000000,11887.64000000,1632435719999,1749641.58610000,3899,3760.28000000,553381.14200000,0
1632435720000,146.82000000,147.20000000,146.19000000,146.59000000,17476.87000000,1632435779999,2561949.12500000,5310,7424.71000000,1089029.00060000,0
1632435780000,146.60000000,147.32000000,146.60000000,147.04000000,6130.49000000,1632435839999,901427.29100000,1722,4411.01000000,648689.18830000,0
1632435840000,147.03000000,147.27000000,146.61000000,147.23000000,4106.06000000,1632435899999,603403.71330000,703,1967.77000000,289181.91170000,0
1632435900000,147.24000000,147.68000000,147.00000000,147.55000000,3383.62000000,1632435959999,498498.18590000,712,1536.81000000,226446.85380000,0
1632435960000,147.58000000,147.79000000,147.39000000,147.70000000,3998.21000000,1632436019999,590030.20070000,619,2220.09000000,327653.93330000,0
1632436020000,147.66000000,147.91000000,147.45000000,147.83000000,2842.69000000,1632436079999,419845.15580000,473,1373.91000000,202916.19040000,0
1632436080000,147.84000000,147.85000000,147.11000000,147.18000000,5112.87000000,1632436139999,753702.97370000,675,1390.87000000,204984.91660000,0
1632436140000,147.15000000,147.37000000,146.94000000,147.10000000,2829.63000000,1632436199999,416316.77390000,547,681.53000000,100284.64110000,0
1632436200000,147.06000000,147.46000000,146.99000000,147.23000000,4566.98000000,1632436259999,672711.78410000,548,3559.66000000,524324.81250000,0
1632436260000,147.23000000,147.44000000,146.63000000,146.73000000,4683.97000000,1632436319999,688149.31280000,791,2084.47000000,306282.57020000,0
1632436320000,146.74000000,147.16000000,146.54000000,146.75000000,3017.85000000,1632436379999,442970.42580000,633,1549.84000000,227500.63860000,0
1632436380000,146.78000000,147.16000000,146.69000000,147.01000000,4649.52000000,1632436439999,682905.38580000,475,3614.22000000,530839.68010000,0
1632436440000,147.00000000,147.12000000,146.76000000,147.11000000,3674.81000000,1632436499999,539944.70570000,542,1966.15000000,288900.91740000,0
1632436500000,147.12000000,147.30000000,146.99000000,147.27000000,2424.77000000,1632436559999,356777.49120000,357,1340.50000000,197224.68430000,0
1632436560000,147.29000000,147.78000000,147.20000000,147.78000000,3968.94000000,1632436619999,585280.11040000,517,3153.64000000,464990.65790000,0
1632436620000,147.74000000,147.94000000,147.57000000,147.86000000,5656.15000000,1632436679999,835430.70650000,523,2820.25000000,416594.19540000,0
1632436680000,147.76000000,148.00000000,147.61000000,147.91000000,3501.11000000,1632436739999,517574.92510000,427,2867.54000000,423881.21080000,0
1632436740000,147.92000000,148.17000000,147.87000000,148.05000000,2011.74000000,1632436799999,297817.71930000,465,1066.94000000,157932.60520000,0
1632436800000,148.05000000,148.37000000,147.93000000,148.30000000,2859.64000000,1632436859999,423659.06850000,657,1484.25000000,219911.49760000,0
1632436860000,148.30000000,148.33000000,148.15000000,148.25000000,2605.68000000,1632436919999,386225.60800000,325,922.18000000,136704.03810000,0
1632436920000,148.28000000,148.42000000,148.18000000,148.23000000,1940.64000000,1632436979999,287834.85890000,308,658.48000000,97677.72110000,0
1632436980000,148.22000000,148.37000000,148.05000000,148.14000000,1477.24000000,1632437039999,218963.58220000,203,404.92000000,60026.27470000,0
1632437040000,148.13000000,148.37000000,147.99000000,148.21000000,1575.42000000,1632437099999,233501.66340000,287,715.86000000,106108.42610000,0
1632437100000,148.20000000,148.28000000,148.03000000,148.24000000,1504.60000000,1632437159999,222881.23580000,205,517.52000000,76669.70030000,0
1632437160000,148.28000000,148.32000000,147.91000000,147.96000000,3533.66000000,1632437219999,523079.02100000,276,677.83000000,100339.90480000,0
1632437220000,147.97000000,148.04000000,147.70000000,147.70000000,1210.56000000,1632437279999,178997.33390000,263,365.48000000,54053.25770000,0
1632437280000,147.70000000,148.05000000,147.60000000,148.03000000,1352.80000000,1632437339999,199884.46850000,256,486.55000000,71909.92600000,0
1632437340000,148.03000000,148.32000000,147.90000000,148.20000000,2162.32000000,1632437399999,320362.92200000,320,1733.95000000,256908.69690000,0
1632437400000,148.20000000,148.27000000,147.84000000,148.10000000,1281.44000000,1632437459999,189684.32540000,251,517.84000000,76643.83030000,0
1632437460000,148.08000000,148.42000000,148.05000000,148.42000000,1285.16000000,1632437519999,190529.50900000,240,892.03000000,132260.07850000,0
1632437520000,148.42000000,148.62000000,148.24000000,148.52000000,2817.07000000,1632437579999,418229.31310000,593,1908.20000000,283289.30730000,0
1632437580000,148.52000000,148.72000000,148.38000000,148.54000000,3396.22000000,1632437639999,504441.00550000,543,1342.22000000,199385.32690000,0
1632437640000,148.58000000,148.86000000,148.50000000,148.81000000,1433.98000000,1632437699999,213283.79640000,639,548.32000000,81558.84600000,0
1632437700000,148.81000000,149.00000000,148.56000000,148.56000000,3226.49000000,1632437759999,480118.72330000,639,1591.45000000,236926.69720000,0
1632437760000,148.58000000,148.78000000,148.47000000,148.60000000,1623.09000000,1632437819999,241224.56060000,325,711.47000000,105727.26400000,0
1632437820000,148.62000000,148.85000000,148.45000000,148.76000000,2069.64000000,1632437879999,307586.14220000,324,903.76000000,134301.93390000,0
1632437880000,148.72000000,148.72000000,148.12000000,148.28000000,2698.77000000,1632437939999,400362.01400000,403,746.83000000,110798.92600000,0
1632437940000,148.27000000,148.35000000,148.00000000,148.03000000,2012.52000000,1632437999999,298164.35910000,268,1049.77000000,155546.70540000,0
1632438000000,148.03000000,148.19000000,147.92000000,147.99000000,1757.01000000,1632438059999,260080.06090000,319,662.60000000,98089.52150000,0
1632438060000,147.91000000,148.05000000,147.31000000,147.72000000,4971.52000000,1632438119999,733984.37540000,798,1676.35000000,247439.95640000,0
1632438120000,147.73000000,147.78000000,147.34000000,147.54000000,2456.05000000,1632438179999,362434.51860000,431,1089.02000000,160688.27810000,0
1632438180000,147.57000000,147.82000000,147.12000000,147.21000000,5177.75000000,1632438239999,763222.43710000,626,1417.95000000,209193.72150000,0
1632438240000,147.21000000,147.60000000,147.20000000,147.34000000,1438.07000000,1632438299999,211986.53340000,397,830.97000000,122521.04820000,0
1632438300000,147.35000000,147.69000000,147.25000000,147.64000000,1753.26000000,1632438359999,258477.04220000,270,968.91000000,142865.99620000,0
1632438360000,147.61000000,147.90000000,147.55000000,147.81000000,1179.18000000,1632438419999,174247.91160000,268,426.03000000,62946.27770000,0
1632438420000,147.83000000,147.92000000,147.74000000,147.91000000,822.88000000,1632438479999,121635.43450000,130,563.15000000,83237.25140000,0
1632438480000,147.92000000,148.45000000,147.92000000,148.40000000,1438.17000000,1632438539999,213160.70270000,403,855.96000000,126879.81010000,0
1632438540000,148.43000000,148.79000000,148.36000000,148.51000000,3308.92000000,1632438599999,491588.55400000,557,1789.56000000,265901.21820000,0
1632438600000,148.48000000,148.61000000,148.10000000,148.13000000,2332.79000000,1632438659999,346096.73820000,351,1103.92000000,163756.81110000,0
1632438660000,148.14000000,148.16000000,147.35000000,147.38000000,3704.02000000,1632438719999,547067.35890000,625,917.48000000,135536.05040000,0
1632438720000,147.35000000,147.86000000,147.33000000,147.60000000,3414.33000000,1632438779999,503820.66490000,465,1831.19000000,270241.61460000,0
1632438780000,147.56000000,147.96000000,147.51000000,147.72000000,2682.39000000,1632438839999,396246.26020000,330,1071.86000000,158382.57400000,0
1632438840000,147.81000000,147.87000000,147.43000000,147.48000000,1725.71000000,1632438899999,254650.30880000,206,361.33000000,53331.47480000,0
1632438900000,147.50000000,148.01000000,147.50000000,147.96000000,1638.42000000,1632438959999,242103.69030000,236,771.38000000,114018.34070000,0
1632438960000,147.92000000,148.11000000,147.92000000,148.10000000,533.22000000,1632439019999,78929.69360000,139,303.47000000,44919.58580000,0
1632439020000,148.11000000,148.26000000,148.02000000,148.24000000,1958.42000000,1632439079999,290193.79770000,300,1107.43000000,164106.30300000,0
1632439080000,148.22000000,148.34000000,148.03000000,148.08000000,900.66000000,1632439139999,133509.38540000,204,558.57000000,82818.77390000,0
1632439140000,148.08000000,148.32000000,148.06000000,148.26000000,938.74000000,1632439199999,139112.83540000,158,421.31000000,62434.47130000,0
1632439200000,148.33000000,148.42000000,148.02000000,148.29000000,1787.42000000,1632439259999,264953.39230000,296,1168.27000000,173173.73780000,0
1632439260000,148.25000000,148.35000000,148.11000000,148.14000000,1709.12000000,1632439319999,253375.04630000,225,882.33000000,130821.08920000,0
1632439320000,148.15000000,148.37000000,148.11000000,148.12000000,1805.40000000,1632439379999,267634.49560000,248,731.10000000,108385.31820000,0
1632439380000,148.12000000,148.13000000,147.88000000,147.99000000,1429.82000000,1632439439999,211631.61750000,205,673.40000000,99669.25570000,0
1632439440000,148.00000000,148.87000000,148.00000000,148.74000000,4772.05000000,1632439499999,708488.51130000,613,3933.55000000,584014.09040000,0
1632439500000,148.75000000,148.88000000,148.59000000,148.85000000,2541.65000000,1632439559999,378152.74170000,444,1534.63000000,228329.67340000,0
1632439560000,148.86000000,148.87000000,148.69000000,148.79000000,988.31000000,1632439619999,147049.17920000,218,649.91000000,96692.24230000,0
1632439620000,148.80000000,149.06000000,148.77000000,149.05000000,2102.81000000,1632439679999,313155.81120000,522,1100.81000000,163970.60260000,0
1632439680000,149.04000000,149.15000000,148.83000000,149.12000000,2501.51000000,1632439739999,372736.10500000,455,1281.83000000,191036.36570000,0
1632439740000,149.07000000,149.24000000,149.01000000,149.16000000,1551.72000000,1632439799999,231453.66610000,477,984.34000000,146824.40120000,0
1632439800000,149.17000000,149.50000000,149.06000000,149.14000000,2633.95000000,1632439859999,393316.93730000,1018,1588.10000000,237200.50360000,0
1632439860000,149.14000000,149.63000000,149.14000000,149.51000000,4457.26000000,1632439919999,666187.93390000,727,2519.05000000,376614.81470000,0
1632439920000,149.55000000,149.57000000,149.30000000,149.51000000,1029.22000000,1632439979999,153816.83060000,227,557.73000000,83358.56470000,0
1632439980000,149.51000000,149.76000000,149.32000000,149.63000000,3167.90000000,1632440039999,473756.24120000,1003,2209.19000000,330435.49640000,0
1632440040000,149.66000000,149.89000000,149.47000000,149.63000000,3120.52000000,1632440099999,467137.31910000,796,1831.87000000,274229.19120000,0
1632440100000,149.60000000,149.91000000,149.47000000,149.77000000,3247.78000000,1632440159999,486424.41940000,427,1884.92000000,282388.97560000,0
1632440160000,149.79000000,149.89000000,149.66000000,149.80000000,1034.80000000,1632440219999,155002.16500000,251,458.88000000,68731.70450000,0
1632440220000,149.81000000,149.91000000,149.69000000,149.77000000,1110.33000000,1632440279999,166340.81720000,259,644.95000000,96624.77210000,0
1632440280000,149.79000000,150.00000000,149.68000000,149.98000000,4407.26000000,1632440339999,660635.33450000,600,2915.52000000,437006.11960000,0
1632440340000,149.91000000,150.00000000,149.81000000,149.96000000,2262.10000000,1632440399999,339172.43470000,366,1277.01000000,191490.69820000,0
1632440400000,149.95000000,150.17000000,149.61000000,149.85000000,5444.06000000,1632440459999,816261.23540000,1254,3828.04000000,574086.80220000,0
1632440460000,149.74000000,149.95000000,149.54000000,149.77000000,3807.82000000,1632440519999,570141.15890000,397,1998.93000000,299268.03130000,0
1632440520000,149.83000000,149.98000000,149.78000000,149.89000000,2329.78000000,1632440579999,349188.08660000,333,1382.74000000,207239.13960000,0
1632440580000,149.89000000,150.00000000,149.72000000,149.93000000,3174.69000000,1632440639999,475826.52670000,339,1405.38000000,210674.89070000,0
1632440640000,149.92000000,150.38000000,149.89000000,150.36000000,4355.12000000,1632440699999,653904.07210000,1038,2685.31000000,403205.77700000,0
1632440700000,150.36000000,150.49000000,150.27000000,150.27000000,2828.20000000,1632440759999,425304.54880000,894,1290.34000000,194042.21580000,0
1632440760000,150.26000000,150.59000000,150.21000000,150.50000000,4199.78000000,1632440819999,631779.60940000,893,2936.91000000,441830.40210000,0
1632440820000,150.51000000,150.62000000,150.32000000,150.60000000,2362.95000000,1632440879999,355631.97080000,717,1336.42000000,201140.64920000,0
1632440880000,150.60000000,150.85000000,150.57000000,150.84000000,6037.95000000,1632440939999,910105.19960000,6874,3514.77000000,529808.28200000,0
1632440940000,150.84000000,150.92000000,150.55000000,150.55000000,2772.74000000,1632440999999,418061.97690000,1399,1263.08000000,190493.57180000,0
1632441000000,150.54000000,150.63000000,150.14000000,150.15000000,3593.16000000,1632441059999,540246.65150000,862,1134.58000000,170702.92840000,0
1632441060000,150.13000000,150.27000000,149.85000000,149.87000000,3127.74000000,1632441119999,469321.73000000,565,1056.96000000,158632.00090000,0
1632441120000,149.87000000,150.20000000,149.81000000,149.83000000,2856.37000000,1632441179999,428471.92180000,444,1739.09000000,260906.20200000,0
1632441180000,149.87000000,150.12000000,149.83000000,149.95000000,1315.45000000,1632441239999,197268.08140000,250,763.46000000,114477.36900000,0
1632441240000,149.95000000,149.96000000,149.60000000,149.66000000,1198.63000000,1632441299999,179522.92890000,346,467.60000000,70034.08020000,0
1632441300000,149.64000000,149.83000000,149.40000000,149.78000000,2185.43000000,1632441359999,327030.19710000,491,1262.28000000,188947.68450000,0
1632441360000,149.81000000,149.87000000,149.66000000,149.81000000,1332.48000000,1632441419999,199569.47070000,213,871.94000000,130589.14830000,0
1632441420000,149.81000000,149.88000000,149.63000000,149.63000000,857.90000000,1632441479999,128483.97920000,182,416.75000000,62415.45670000,0
1632441480000,149.63000000,149.83000000,149.59000000,149.71000000,1327.61000000,1632441539999,198806.51570000,216,462.41000000,69235.55430000,0
1632441540000,149.71000000,149.92000000,149.68000000,149.91000000,2746.31000000,1632441599999,411459.76450000,339,1828.10000000,273877.64220000,0
