1629763200000,3.15300000,3.16900000,3.15300000,3.16000000,4844.20000000,1629763259999,15309.74290000,30,3308.10000000,10464.47020000,0
1629763260000,3.16000000,3.16300000,3.16000000,3.16200000,1087.30000000,1629763319999,3437.16390000,14,278.30000000,880.07040000,0
1629763320000,3.15800000,3.16100000,3.15700000,3.16100000,293.90000000,1629763379999,928.55220000,16,158.20000000,500.07020000,0
1629763380000,3.16100000,3.16100000,3.16100000,3.16100000,330.70000000,1629763439999,1045.34270000,7,0.00000000,0.00000000,0
1629763440000,3.15600000,3.16000000,3.15600000,3.15600000,302.40000000,1629763499999,954.40640000,7,178.90000000,564.64040000,0
1629763500000,3.16000000,3.16800000,3.15700000,3.15700000,917.20000000,1629763559999,2901.70150000,12,830.30000000,2627.21360000,0
1629763560000,3.15800000,3.16000000,3.15600000,3.15600000,535.30000000,1629763619999,1690.09650000,8,180.10000000,568.44120000,0
1629763620000,3.15600000,3.16100000,3.15600000,3.16000000,334.50000000,1629763679999,1056.92260000,6,301.10000000,951.48180000,0
1629763680000,3.16000000,3.16500000,3.16000000,3.16100000,234.60000000,1629763739999,742.14670000,6,158.70000000,502.28550000,0
1629763740000,3.16100000,3.16100000,3.15800000,3.15800000,476.80000000,1629763799999,1506.80220000,9,186.90000000,590.63560000,0
1629763800000,3.15800000,3.16000000,3.15800000,3.16000000,601.80000000,1629763859999,1900.67080000,7,326.10000000,1030.01020000,0
1629763860000,3.15800000,3.16100000,3.15800000,3.15800000,355.50000000,1629763919999,1123.47420000,6,328.50000000,1038.20820000,0
1629763920000,3.15800000,3.15800000,3.15800000,3.15800000,128.40000000,1629763979999,405.48720000,4,0.00000000,0.00000000,0
1629763980000,3.16000000,3.16100000,3.15700000,3.16100000,1194.40000000,1629764039999,3774.86680000,9,1097.50000000,3468.85540000,0
1629764040000,3.16100000,3.16300000,3.15800000,3.15800000,2474.10000000,1629764099999,7814.98030000,23,9.60000000,30.36480000,0
1629764100000,3.16000000,3.16500000,3.16000000,3.16100000,1216.10000000,1629764159999,3846.58790000,11,755.40000000,2390.23980000,0
1629764160000,3.16100000,3.16500000,3.15900000,3.16400000,719.40000000,1629764219999,2274.72120000,9,340.70000000,1077.97630000,0
1629764220000,3.16000000,3.16400000,3.16000000,3.16000000,119.80000000,1629764279999,378.83960000,8,57.60000000,182.24640000,0
1629764280000,3.16000000,3.16900000,3.15900000,3.16000000,1884.10000000,1629764339999,5960.30340000,24,1382.60000000,4375.80170000,0
1629764340000,3.15900000,3.16400000,3.15900000,3.16000000,382.60000000,1629764399999,1209.60490000,4,371.50000000,1174.54000000,0
1629764400000,3.15900000,3.15900000,3.15700000,3.15700000,16326.50000000,1629764459999,51559.38560000,16,0.00000000,0.00000000,0
1629764460000,3.15500000,3.15900000,3.15500000,3.15900000,27.80000000,1629764519999,87.75340000,3,11.10000000,35.06490000,0
1629764520000,3.15600000,3.15800000,3.15300000,3.15400000,1042.60000000,1629764579999,3288.39760000,25,50.20000000,158.50830000,0
1629764580000,3.15400000,3.15800000,3.15400000,3.15800000,40.50000000,1629764639999,127.76980000,3,8.20000000,25.89560000,0
1629764640000,3.15800000,3.15900000,3.15400000,3.15900000,1910.20000000,1629764699999,6029.17900000,17,560.10000000,1768.79480000,0
1629764700000,3.15700000,3.15800000,3.15400000,3.15800000,947.40000000,1629764759999,2989.49000000,10,25.90000000,81.79220000,0
1629764760000,3.15500000,3.15500000,3.15500000,3.15500000,93.00000000,1629764819999,293.41500000,2,37.40000000,117.99700000,0
1629764820000,3.15500000,3.15800000,3.15500000,3.15500000,447.60000000,1629764879999,1412.72910000,8,94.90000000,299.69420000,0
1629764880000,3.15600000,3.15600000,3.15500000,3.15600000,499.80000000,1629764939999,1577.02490000,4,152.50000000,481.29000000,0
1629764940000,3.15500000,3.15500000,3.15500000,3.15500000,215.20000000,1629764999999,678.95600000,3,0.00000000,0.00000000,0
1629765000000,3.15500000,3.16000000,3.15500000,3.15900000,1185.40000000,1629765059999,3744.45460000,9,1021.00000000,3225.77260000,0
1629765060000,3.15800000,3.16300000,3.15500000,3.16300000,2051.40000000,1629765119999,6482.34370000,14,1930.10000000,6099.63590000,0
1629765120000,3.15600000,3.16100000,3.15500000,3.15500000,1287.40000000,1629765179999,4065.92360000,12,14.00000000,44.25400000,0
1629765180000,3.15600000,3.15700000,3.15500000,3.15500000,943.60000000,1629765239999,2977.72410000,10,163.30000000,515.53810000,0
1629765240000,3.15500000,3.15500000,3.15300000,3.15300000,541.70000000,1629765299999,1708.95590000,10,0.00000000,0.00000000,0
1629765300000,3.15700000,3.16600000,3.15700000,3.15800000,3000.20000000,1629765359999,9483.07460000,57,2796.80000000,8840.50200000,0
1629765360000,3.15900000,3.16000000,3.15700000,3.15800000,2308.70000000,1629765419999,7292.00690000,37,1323.10000000,4179.02790000,0
1629765420000,3.15400000,3.15400000,3.15300000,3.15300000,1346.10000000,1629765479999,4244.82480000,8,0.00000000,0.00000000,0
1629765480000,3.15400000,3.15400000,3.13100000,3.13200000,34327.40000000,1629765539999,107817.34500000,108,429.90000000,1349.25830000,0
1629765540000,3.13200000,3.13200000,3.12000000,3.12500000,6598.20000000,1629765599999,20616.95110000,80,1882.30000000,5881.55200000,0
1629765600000,3.12100000,3.12500000,3.11900000,3.11900000,2786.40000000,1629765659999,8692.73920000,22,1762.00000000,5496.57400000,0
1629765660000,3.12300000,3.12300000,3.11900000,3.12200000,367.00000000,1629765719999,1145.55720000,7,187.50000000,585.55420000,0
1629765720000,3.12200000,3.12200000,3.11700000,3.12100000,1591.80000000,1629765779999,4965.81160000,25,333.10000000,1039.93420000,0
1629765780000,3.12100000,3.12100000,3.11500000,3.11500000,2130.70000000,1629765839999,6640.98120000,32,27.00000000,84.26700000,0
1629765840000,3.11600000,3.11900000,3.11300000,3.11700000,1908.70000000,1629765899999,5944.83490000,25,403.60000000,1258.16600000,0
1629765900000,3.11500000,3.11600000,3.11000000,3.11100000,4010.90000000,1629765959999,12478.58290000,32,82.90000000,258.28640000,0
1629765960000,3.11100000,3.11500000,3.11100000,3.11200000,2843.60000000,1629766019999,8846.92470000,14,418.70000000,1303.03770000,0
1629766020000,3.11200000,3.11600000,3.11100000,3.11600000,553.70000000,1629766079999,1723.20260000,14,416.70000000,1296.99560000,0
1629766080000,3.11600000,3.11900000,3.11600000,3.11900000,1517.50000000,1629766139999,4731.54860000,22,1335.70000000,4164.93320000,0
1629766140000,3.11800000,3.11800000,3.11100000,3.11100000,2318.70000000,1629766199999,7223.53170000,17,56.40000000,175.85520000,0
1629766200000,3.11100000,3.11600000,3.11000000,3.11000000,1818.00000000,1629766259999,5655.08150000,18,9.20000000,28.66720000,0
1629766260000,3.11500000,3.11500000,3.11000000,3.11100000,316.70000000,1629766319999,985.74810000,6,191.00000000,594.70780000,0
1629766320000,3.11400000,3.11400000,3.11100000,3.11400000,1992.40000000,1629766379999,6198.90450000,11,205.90000000,641.00520000,0
1629766380000,3.11100000,3.11500000,3.11100000,3.11500000,1319.50000000,1629766439999,4107.04550000,15,997.40000000,3104.87240000,0
1629766440000,3.11600000,3.11800000,3.11500000,3.11500000,4170.30000000,1629766499999,12997.34300000,16,2056.10000000,6410.82360000,0
1629766500000,3.11500000,3.11500000,3.11000000,3.11400000,473.90000000,1629766559999,1475.16910000,9,23.10000000,71.93340000,0
1629766560000,3.11100000,3.11200000,3.11100000,3.11200000,877.70000000,1629766619999,2730.53470000,6,677.70000000,2108.33470000,0
1629766620000,3.11100000,3.11600000,3.11100000,3.11400000,700.40000000,1629766679999,2181.32580000,19,551.90000000,1719.08020000,0
1629766680000,3.11300000,3.11400000,3.10300000,3.11400000,8155.70000000,1629766739999,25356.86590000,63,44.00000000,136.94240000,0
1629766740000,3.11300000,3.11300000,3.10700000,3.10700000,1102.90000000,1629766799999,3428.42550000,14,267.20000000,831.28550000,0
1629766800000,3.10600000,3.10600000,3.10600000,3.10600000,401.30000000,1629766859999,1246.43780000,6,0.00000000,0.00000000,0
1629766860000,3.10800000,3.11500000,3.10800000,3.11400000,1005.00000000,1629766919999,3127.12020000,17,988.90000000,3077.06530000,0
1629766920000,3.11400000,3.11600000,3.11400000,3.11600000,1477.50000000,1629766979999,4601.92810000,9,524.40000000,1633.02160000,0
1629766980000,3.11200000,3.11200000,3.11200000,3.11200000,123.70000000,1629767039999,384.95440000,4,0.00000000,0.00000000,0
1629767040000,3.11200000,3.11200000,3.11200000,3.11200000,0.00000000,1629767099999,0.00000000,0,0.00000000,0.00000000,0
1629767100000,3.11200000,3.11200000,3.10400000,3.10400000,5439.40000000,1629767159999,16913.46450000,24,19.40000000,60.29520000,0
1629767160000,3.10300000,3.10400000,3.10000000,3.10000000,21359.90000000,1629767219999,66217.10860000,150,440.40000000,1365.71280000,0
1629767220000,3.10000000,3.10100000,3.10000000,3.10000000,2872.70000000,1629767279999,8905.37800000,7,8.00000000,24.80800000,0
1629767280000,3.10000000,3.10200000,3.10000000,3.10000000,3362.00000000,1629767339999,10422.24920000,14,24.60000000,76.30920000,0
1629767340000,3.10000000,3.10000000,3.08500000,3.09100000,19629.50000000,1629767399999,60683.69960000,137,1353.50000000,4182.18510000,0
1629767400000,3.09100000,3.09200000,3.08800000,3.09100000,1461.40000000,1629767459999,4517.05520000,7,308.20000000,952.71230000,0
1629767460000,3.08600000,3.08900000,3.08500000,3.08500000,481.10000000,1629767519999,1484.65960000,12,56.20000000,173.51950000,0
1629767520000,3.08500000,3.08500000,3.08000000,3.08300000,2133.60000000,1629767579999,6574.90220000,39,764.60000000,2357.28180000,0
1629767580000,3.08300000,3.08300000,3.08000000,3.08000000,321.90000000,1629767639999,991.69170000,13,51.80000000,159.69940000,0
1629767640000,3.08000000,3.08200000,3.08000000,3.08200000,1212.60000000,1629767699999,3735.53540000,14,363.70000000,1120.92340000,0
1629767700000,3.08200000,3.08300000,3.08000000,3.08300000,773.00000000,1629767759999,2382.70590000,6,689.20000000,2124.44550000,0
1629767760000,3.08200000,3.08400000,3.08200000,3.08200000,864.70000000,1629767819999,2665.57750000,12,416.10000000,1282.98190000,0
1629767820000,3.08000000,3.08400000,3.08000000,3.08000000,5263.80000000,1629767879999,16222.66590000,16,2798.10000000,8627.98540000,0
1629767880000,3.08100000,3.08300000,3.08100000,3.08300000,536.10000000,1629767939999,1652.75650000,6,438.10000000,1350.65650000,0
1629767940000,3.08100000,3.08400000,3.08100000,3.08100000,567.80000000,1629767999999,1749.92040000,13,346.60000000,1068.38690000,0
1629768000000,3.08100000,3.08400000,3.08100000,3.08300000,662.30000000,1629768059999,2041.80820000,5,653.70000000,2015.31160000,0
1629768060000,3.08200000,3.08700000,3.08000000,3.08700000,2087.50000000,1629768119999,6435.99000000,12,1513.60000000,4668.10220000,0
1629768120000,3.08500000,3.09400000,3.08400000,3.09400000,1363.00000000,1629768179999,4207.02810000,12,346.10000000,1069.49380000,0
1629768180000,3.09400000,3.10400000,3.09400000,3.10400000,1084.40000000,1629768239999,3361.61460000,24,1002.00000000,3106.26000000,0
1629768240000,3.10400000,3.11200000,3.10400000,3.11000000,7741.00000000,1629768299999,24075.49120000,39,7265.20000000,22596.82880000,0
1629768300000,3.11000000,3.11400000,3.10600000,3.11400000,5922.50000000,1629768359999,18429.23870000,29,4354.60000000,13554.29420000,0
1629768360000,3.10900000,3.10900000,3.08500000,3.08500000,12002.00000000,1629768419999,37147.00640000,63,54.00000000,167.65620000,0
1629768420000,3.08600000,3.08600000,3.07800000,3.07800000,5221.20000000,1629768479999,16083.61020000,43,4081.00000000,12571.22880000,0
1629768480000,3.07900000,3.08800000,3.07800000,3.08800000,1243.70000000,1629768539999,3834.22950000,30,996.00000000,3071.76590000,0
1629768540000,3.08800000,3.09000000,3.08200000,3.09000000,1158.00000000,1629768599999,3573.32980000,14,353.20000000,1089.76070000,0
1629768600000,3.09100000,3.09600000,3.09100000,3.09300000,897.10000000,1629768659999,2774.75850000,12,103.90000000,321.41160000,0
1629768660000,3.09300000,3.11700000,3.09300000,3.11000000,6175.90000000,1629768719999,19196.26880000,81,3819.60000000,11884.36160000,0
1629768720000,3.11100000,3.11700000,3.11100000,3.11600000,1007.20000000,1629768779999,3136.64460000,19,474.80000000,1479.68430000,0
1629768780000,3.11600000,3.12900000,3.11600000,3.12100000,2500.40000000,1629768839999,7809.58320000,39,2337.70000000,7302.39840000,0
1629768840000,3.12100000,3.12200000,3.12100000,3.12200000,378.60000000,1629768899999,1181.61420000,7,0.00000000,0.00000000,0
1629768900000,3.12600000,3.12600000,3.12200000,3.12200000,77.90000000,1629768959999,243.40980000,7,51.50000000,160.98900000,0
1629768960000,3.12200000,3.12400000,3.11600000,3.11700000,2147.60000000,1629769019999,6706.39050000,14,13.20000000,41.14440000,0
1629769020000,3.11600000,3.11600000,3.10700000,3.11200000,1362.00000000,1629769079999,4233.49920000,25,132.90000000,413.81220000,0
1629769080000,3.10700000,3.11100000,3.10300000,3.11100000,588.40000000,1629769139999,1828.41670000,23,497.70000000,1546.69850000,0
1629769140000,3.11100000,3.11900000,3.10600000,3.11900000,785.30000000,1629769199999,2447.40360000,22,484.80000000,1511.49030000,0
1629769200000,3.11900000,3.12000000,3.11900000,3.11900000,244.40000000,1629769259999,762.28680000,7,3.20000000,9.98400000,0
1629769260000,3.11500000,3.12000000,3.11500000,3.12000000,42.10000000,1629769319999,131.21350000,3,14.40000000,44.92800000,0
1629769320000,3.11600000,3.11800000,3.11400000,3.11400000,646.00000000,1629769379999,2012.70350000,9,57.70000000,179.90860000,0
1629769380000,3.11800000,3.11800000,3.11500000,3.11700000,698.00000000,1629769439999,2176.23950000,6,663.90000000,2070.01800000,0
1629769440000,3.11500000,3.11700000,3.11500000,3.11700000,442.70000000,1629769499999,1379.78010000,6,384.80000000,1199.42160000,0
1629769500000,3.11700000,3.12100000,3.11500000,3.12100000,3859.50000000,1629769559999,12035.98290000,13,3825.40000000,11929.76140000,0
1629769560000,3.11800000,3.16200000,3.11800000,3.15700000,28510.40000000,1629769619999,89541.72610000,246,23414.20000000,73493.19190000,0
1629769620000,3.15400000,3.15800000,3.14900000,3.14900000,1031.00000000,1629769679999,3251.69210000,12,173.50000000,547.85060000,0
1629769680000,3.15200000,3.15200000,3.13700000,3.13700000,2044.70000000,1629769739999,6426.12550000,45,41.50000000,130.52180000,0
1629769740000,3.13600000,3.15200000,3.13600000,3.15200000,3120.10000000,1629769799999,9806.75840000,33,1012.80000000,3187.85810000,0
1629769800000,3.15100000,3.16500000,3.14600000,3.16100000,3974.10000000,1629769859999,12546.93610000,43,3755.30000000,11858.11980000,0
1629769860000,3.16300000,3.16700000,3.15500000,3.16700000,4248.90000000,1629769919999,13429.35490000,43,2020.10000000,6388.89900000,0
1629769920000,3.16400000,3.16900000,3.16200000,3.16300000,4009.40000000,1629769979999,12682.01510000,32,340.70000000,1078.47270000,0
1629769980000,3.16200000,3.16500000,3.16000000,3.16400000,2333.90000000,1629770039999,7379.12900000,21,868.50000000,2746.99260000,0
1629770040000,3.16200000,3.16200000,3.16000000,3.16200000,780.00000000,1629770099999,2466.11880000,9,444.40000000,1405.19280000,0
1629770100000,3.16000000,3.16200000,3.16000000,3.16200000,136.10000000,1629770159999,430.27600000,3,100.00000000,316.20000000,0
1629770160000,3.16000000,3.16000000,3.15400000,3.15400000,9230.90000000,1629770219999,29158.25870000,17,221.60000000,699.35380000,0
1629770220000,3.15300000,3.15300000,3.13700000,3.14200000,2187.30000000,1629770279999,6874.49010000,63,895.40000000,2811.81210000,0
1629770280000,3.13900000,3.13900000,3.13800000,3.13800000,273.70000000,1629770339999,859.02970000,13,0.00000000,0.00000000,0
1629770340000,3.13800000,3.13900000,3.13600000,3.13600000,663.90000000,1629770399999,2082.71750000,21,68.40000000,214.70760000,0
1629770400000,3.13600000,3.14100000,3.13600000,3.14100000,67.60000000,1629770459999,212.20960000,6,43.20000000,135.69120000,0
1629770460000,3.14300000,3.15200000,3.14000000,3.14900000,1843.90000000,1629770519999,5797.17140000,14,1259.80000000,3957.56670000,0
1629770520000,3.14900000,3.16000000,3.14900000,3.15100000,3045.40000000,1629770579999,9605.10710000,31,1145.10000000,3615.29120000,0
1629770580000,3.15100000,3.15500000,3.15100000,3.15300000,553.90000000,1629770639999,1746.58650000,5,343.70000000,1084.05650000,0
1629770640000,3.15200000,3.15500000,3.15200000,3.15500000,178.60000000,1629770699999,563.03480000,3,29.20000000,92.12600000,0
1629770700000,3.15300000,3.15500000,3.14700000,3.14700000,146.70000000,1629770759999,462.57400000,10,72.90000000,229.99950000,0
1629770760000,3.14300000,3.14600000,3.14300000,3.14600000,49.40000000,1629770819999,155.38750000,4,41.10000000,129.30060000,0
1629770820000,3.14600000,3.14800000,3.13700000,3.14200000,3484.20000000,1629770879999,10946.09270000,30,1350.90000000,4245.17520000,0
1629770880000,3.14400000,3.14400000,3.14100000,3.14100000,176.50000000,1629770939999,554.49110000,4,0.00000000,0.00000000,0
1629770940000,3.14100000,3.14200000,3.14100000,3.14100000,1917.50000000,1629770999999,6022.87430000,8,6.80000000,21.36560000,0
1629771000000,3.14000000,3.14600000,3.14000000,3.14100000,487.70000000,1629771059999,1533.08040000,16,294.80000000,927.28180000,0
1629771060000,3.14100000,3.14100000,3.14100000,3.14100000,21.70000000,1629771119999,68.15970000,2,0.00000000,0.00000000,0
1629771120000,3.14600000,3.14700000,3.14400000,3.14400000,168.20000000,1629771179999,528.88460000,5,30.20000000,95.01260000,0
1629771180000,3.14400000,3.15300000,3.14400000,3.15300000,2977.30000000,1629771239999,9375.72910000,17,2534.00000000,7981.01200000,0
1629771240000,3.14500000,3.14900000,3.14400000,3.14600000,348.80000000,1629771299999,1096.69140000,7,6.90000000,21.72810000,0
1629771300000,3.14600000,3.14600000,3.14600000,3.14600000,13.60000000,1629771359999,42.78560000,2,0.00000000,0.00000000,0
1629771360000,3.14600000,3.14600000,3.14600000,3.14600000,0.00000000,1629771419999,0.00000000,0,0.00000000,0.00000000,0
1629771420000,3.14700000,3.14800000,3.14600000,3.14600000,727.90000000,1629771479999,2290.94720000,8,322.20000000,1014.28560000,0
1629771480000,3.15000000,3.15200000,3.14700000,3.15200000,778.50000000,1629771539999,2453.28580000,19,673.90000000,2123.97380000,0
1629771540000,3.15200000,3.15300000,3.15000000,3.15000000,387.80000000,1629771599999,1221.67510000,8,32.60000000,102.75710000,0
1629771600000,3.15000000,3.15200000,3.14800000,3.14900000,1902.50000000,1629771659999,5992.43600000,9,649.90000000,2048.16750000,0
1629771660000,3.14900000,3.14900000,3.14900000,3.14900000,94.60000000,1629771719999,297.89540000,2,0.00000000,0.00000000,0
1629771720000,3.14900000,3.14900000,3.14900000,3.14900000,0.00000000,1629771779999,0.00000000,0,0.00000000,0.00000000,0
1629771780000,3.14900000,3.15300000,3.14900000,3.15300000,798.50000000,1629771839999,2516.82740000,9,789.70000000,2489.11620000,0
1629771840000,3.14900000,3.15200000,3.14900000,3.15200000,248.20000000,1629771899999,781.69520000,8,89.70000000,282.57400000,0
1629771900000,3.14900000,3.15000000,3.14900000,3.15000000,1117.40000000,1629771959999,3519.01000000,9,0.00000000,0.00000000,0
1629771960000,3.15000000,3.18900000,3.15000000,3.18900000,13353.70000000,1629772019999,42253.90390000,160,12929.50000000,40906.55140000,0
1629772020000,3.18900000,3.18900000,3.18100000,3.18400000,5017.50000000,1629772079999,15976.13330000,51,1101.30000000,3508.63290000,0
1629772080000,3.18100000,3.18500000,3.18100000,3.18400000,922.40000000,1629772139999,2936.27570000,16,656.50000000,2090.31700000,0
1629772140000,3.18400000,3.19300000,3.18300000,3.18800000,5016.60000000,1629772199999,15999.35160000,81,3663.50000000,11683.22960000,0
1629772200000,3.18700000,3.19200000,3.17800000,3.18000000,2176.30000000,1629772259999,6932.82080000,39,1075.50000000,3427.59770000,0
1629772260000,3.18000000,3.19100000,3.17500000,3.18500000,2630.40000000,1629772319999,8373.62290000,53,1911.70000000,6089.25420000,0
1629772320000,3.18500000,3.18900000,3.18100000,3.18100000,1243.20000000,1629772379999,3959.90200000,34,668.40000000,2130.36230000,0
1629772380000,3.18100000,3.18600000,3.17700000,3.18100000,1316.60000000,1629772439999,4187.42950000,12,192.10000000,611.98380000,0
1629772440000,3.18000000,3.19400000,3.17700000,3.19200000,3647.90000000,1629772499999,11616.59320000,34,2417.40000000,7703.74920000,0
1629772500000,3.19200000,3.19400000,3.18700000,3.19400000,3672.40000000,1629772559999,11720.48500000,19,1109.70000000,3540.35990000,0
1629772560000,3.19400000,3.20700000,3.18700000,3.20200000,29266.90000000,1629772619999,93619.95740000,158,26312.10000000,84185.62920000,0
1629772620000,3.19800000,3.19800000,3.19300000,3.19700000,1552.60000000,1629772679999,4963.35150000,22,88.90000000,284.06090000,0
1629772680000,3.19900000,3.20200000,3.19900000,3.20000000,9292.40000000,1629772739999,29740.73970000,35,6394.20000000,20466.10790000,0
1629772740000,3.20000000,3.20700000,3.20000000,3.20700000,3029.20000000,1629772799999,9697.49440000,29,2176.00000000,6967.25440000,0
1629772800000,3.20300000,3.20300000,3.20100000,3.20100000,838.70000000,1629772859999,2685.39350000,14,78.00000000,249.75600000,0
1629772860000,3.20100000,3.20200000,3.19600000,3.19900000,2607.40000000,1629772919999,8343.79330000,20,682.10000000,2182.72290000,0
1629772920000,3.19500000,3.19500000,3.19200000,3.19300000,450.50000000,1629772979999,1438.39980000,12,0.00000000,0.00000000,0
1629772980000,3.19600000,3.20700000,3.19300000,3.20500000,11279.40000000,1629773039999,36132.20100000,53,11156.80000000,35740.19220000,0
1629773040000,3.20300000,3.20300000,3.20000000,3.20300000,566.70000000,1629773099999,1813.89750000,7,3.30000000,10.56990000,0
1629773100000,3.20100000,3.21000000,3.20000000,3.20400000,6769.70000000,1629773159999,21697.97050000,57,6334.20000000,20302.38840000,0
1629773160000,3.20400000,3.20400000,3.19600000,3.19700000,713.60000000,1629773219999,2282.96060000,19,139.20000000,445.85180000,0
1629773220000,3.20000000,3.20000000,3.19600000,3.19600000,1116.30000000,1629773279999,3568.38170000,20,367.10000000,1173.67120000,0
1629773280000,3.19700000,3.19800000,3.19600000,3.19800000,940.00000000,1629773339999,3005.02950000,14,378.80000000,1211.30910000,0
1629773340000,3.19600000,3.19900000,3.19500000,3.19900000,816.00000000,1629773399999,2608.24330000,11,466.40000000,1490.92320000,0
1629773400000,3.19800000,3.19800000,3.18900000,3.19700000,4284.40000000,1629773459999,13685.89530000,30,977.80000000,3124.87200000,0
1629773460000,3.19600000,3.19800000,3.19200000,3.19300000,2013.70000000,1629773519999,6430.59750000,11,29.20000000,93.37480000,0
1629773520000,3.19100000,3.19100000,3.18100000,3.18100000,8901.70000000,1629773579999,28338.19690000,41,6157.20000000,19598.37240000,0
1629773580000,3.18000000,3.18000000,3.17700000,3.17900000,538.80000000,1629773639999,1712.15630000,14,66.90000000,212.67510000,0
1629773640000,3.17900000,3.17900000,3.17500000,3.17500000,370.50000000,1629773699999,1176.85560000,19,87.90000000,279.31740000,0
1629773700000,3.17500000,3.17500000,3.17500000,3.17500000,233.10000000,1629773759999,740.09250000,7,0.00000000,0.00000000,0
1629773760000,3.17500000,3.17600000,3.17500000,3.17500000,372.00000000,1629773819999,1181.11500000,5,15.00000000,47.64000000,0
1629773820000,3.17500000,3.17600000,3.17500000,3.17600000,44.60000000,1629773879999,141.63140000,4,26.40000000,83.84640000,0
1629773880000,3.17600000,3.17600000,3.17500000,3.17500000,459.40000000,1629773939999,1458.63610000,6,41.10000000,130.53360000,0
1629773940000,3.17400000,3.17400000,3.17100000,3.17400000,179.70000000,1629773999999,569.97470000,15,13.80000000,43.80120000,0
1629774000000,3.17200000,3.17300000,3.17200000,3.17200000,4600.50000000,1629774059999,14592.88680000,12,230.90000000,732.41480000,0
1629774060000,3.17100000,3.17100000,3.15900000,3.15900000,1518.50000000,1629774119999,4801.82720000,47,810.90000000,2563.69340000,0
1629774120000,3.15900000,3.16100000,3.15800000,3.15900000,385.30000000,1629774179999,1216.87410000,13,82.20000000,259.68430000,0
1629774180000,3.15900000,3.15900000,3.15500000,3.15500000,2914.70000000,1629774239999,9198.08620000,32,689.40000000,2175.57580000,0
1629774240000,3.15800000,3.15800000,3.15400000,3.15400000,1286.30000000,1629774299999,4058.13200000,10,6.00000000,18.94800000,0
1629774300000,3.15300000,3.15900000,3.15300000,3.15400000,1079.40000000,1629774359999,3403.38600000,8,3.80000000,12.00420000,0
1629774360000,3.15200000,3.15400000,3.15200000,3.15200000,1159.30000000,1629774419999,3656.11320000,8,999.80000000,3153.36920000,0
1629774420000,3.15200000,3.16100000,3.15200000,3.16100000,6143.20000000,1629774479999,19382.92090000,42,2894.50000000,9135.74620000,0
1629774480000,3.15700000,3.15800000,3.15200000,3.15200000,1212.50000000,1629774539999,3825.97990000,10,443.30000000,1399.66360000,0
1629774540000,3.15300000,3.15300000,3.15000000,3.15200000,916.10000000,1629774599999,2887.25890000,19,515.20000000,1623.74510000,0
1629774600000,3.15000000,3.15000000,3.14800000,3.14900000,307.40000000,1629774659999,968.23490000,14,21.70000000,68.33330000,0
1629774660000,3.14800000,3.14900000,3.14700000,3.14900000,100.00000000,1629774719999,314.85740000,6,71.60000000,225.46840000,0
1629774720000,3.14700000,3.14700000,3.14500000,3.14500000,156.40000000,1629774779999,492.06330000,10,8.70000000,27.37890000,0
1629774780000,3.14400000,3.14400000,3.14400000,3.14400000,8.90000000,1629774839999,27.98160000,2,0.00000000,0.00000000,0
1629774840000,3.14300000,3.14600000,3.14100000,3.14100000,289.60000000,1629774899999,909.76970000,17,12.50000000,39.32500000,0
1629774900000,3.14400000,3.14600000,3.14200000,3.14600000,286.80000000,1629774959999,902.01320000,7,250.10000000,786.70180000,0
1629774960000,3.14900000,3.14900000,3.14600000,3.14900000,183.60000000,1629775019999,578.11410000,4,169.50000000,533.75550000,0
1629775020000,3.14900000,3.14900000,3.14600000,3.14900000,77.80000000,1629775079999,244.96580000,4,69.00000000,217.28100000,0
1629775080000,3.14900000,3.15200000,3.14900000,3.15200000,702.10000000,1629775139999,2211.88520000,8,702.10000000,2211.88520000,0
1629775140000,3.15100000,3.15100000,3.15100000,3.15100000,23.40000000,1629775199999,73.73340000,3,0.00000000,0.00000000,0
1629775200000,3.15100000,3.15600000,3.15100000,3.15600000,1559.50000000,1629775259999,4916.10220000,14,1265.50000000,3989.70820000,0
1629775260000,3.15700000,3.16100000,3.15600000,3.16100000,1667.10000000,1629775319999,5264.59970000,16,923.40000000,2917.15030000,0
1629775320000,3.15900000,3.15900000,3.15600000,3.15600000,81.30000000,1629775379999,256.65120000,3,0.00000000,0.00000000,0
1629775380000,3.15900000,3.16000000,3.15700000,3.15700000,542.50000000,1629775439999,1713.96390000,3,493.30000000,1558.63950000,0
1629775440000,3.15600000,3.15800000,3.15600000,3.15800000,46.80000000,1629775499999,147.76400000,3,31.60000000,99.79280000,0
1629775500000,3.15600000,3.15600000,3.15600000,3.15600000,318.70000000,1629775559999,1005.81720000,3,0.00000000,0.00000000,0
1629775560000,3.15900000,3.15900000,3.15400000,3.15800000,161.50000000,1629775619999,509.99410000,7,141.60000000,447.22950000,0
1629775620000,3.15500000,3.15500000,3.15400000,3.15500000,55.40000000,1629775679999,174.75380000,5,0.00000000,0.00000000,0
1629775680000,3.15500000,3.15700000,3.15100000,3.15100000,2300.50000000,1629775739999,7251.89680000,12,25.30000000,79.87210000,0
1629775740000,3.15000000,3.15100000,3.14500000,3.14600000,125.00000000,1629775799999,393.27340000,10,3.50000000,11.02850000,0
1629775800000,3.14600000,3.14600000,3.14600000,3.14600000,15.30000000,1629775859999,48.13380000,2,0.00000000,0.00000000,0
1629775860000,3.14600000,3.14600000,3.14600000,3.14600000,9.50000000,1629775919999,29.88700000,2,0.00000000,0.00000000,0
1629775920000,3.15200000,3.15200000,3.14900000,3.14900000,155.90000000,1629775979999,490.98100000,4,17.30000000,54.52960000,0
1629775980000,3.15100000,3.16000000,3.15100000,3.15900000,217.90000000,1629776039999,687.55150000,19,209.10000000,659.82270000,0
1629776040000,3.15600000,3.16000000,3.15600000,3.16000000,58.00000000,1629776099999,183.23380000,4,47.30000000,149.46460000,0
1629776100000,3.15300000,3.15300000,3.15300000,3.15300000,216.80000000,1629776159999,683.57040000,3,155.40000000,489.97620000,0
1629776160000,3.15300000,3.15700000,3.15300000,3.15700000,95.60000000,1629776219999,301.49240000,5,72.20000000,227.71220000,0
1629776220000,3.15500000,3.15700000,3.15300000,3.15300000,136.10000000,1629776279999,429.26770000,6,8.00000000,25.25600000,0
1629776280000,3.15000000,3.15400000,3.14900000,3.15400000,1024.60000000,1629776339999,3227.54560000,8,126.80000000,399.92720000,0
1629776340000,3.15000000,3.15000000,3.14900000,3.14900000,58.40000000,1629776399999,183.93760000,3,0.00000000,0.00000000,0
1629776400000,3.15000000,3.15400000,3.14900000,3.15200000,198.30000000,1629776459999,624.55730000,14,11.90000000,37.51520000,0
1629776460000,3.15000000,3.15000000,3.15000000,3.15000000,11.50000000,1629776519999,36.22500000,3,0.00000000,0.00000000,0
1629776520000,3.15200000,3.15200000,3.15200000,3.15200000,31.00000000,1629776579999,97.71200000,1,0.00000000,0.00000000,0
1629776580000,3.15300000,3.15400000,3.15300000,3.15400000,1847.30000000,1629776639999,5825.75050000,5,643.70000000,2029.59610000,0
1629776640000,3.15400000,3.15400000,3.15300000,3.15300000,639.30000000,1629776699999,2016.24650000,9,16.40000000,51.72560000,0
1629776700000,3.15200000,3.15400000,3.15200000,3.15400000,370.00000000,1629776759999,1166.59330000,6,287.70000000,907.18370000,0
1629776760000,3.15100000,3.15100000,3.15100000,3.15100000,61.90000000,1629776819999,195.04690000,4,0.00000000,0.00000000,0
1629776820000,3.15200000,3.15200000,3.15200000,3.15200000,17.80000000,1629776879999,56.10560000,2,0.00000000,0.00000000,0
1629776880000,3.15200000,3.15200000,3.15200000,3.15200000,3.40000000,1629776939999,10.71680000,1,0.00000000,0.00000000,0
1629776940000,3.15400000,3.15400000,3.15200000,3.15300000,483.40000000,1629776999999,1523.87680000,3,483.40000000,1523.87680000,0
1629777000000,3.15000000,3.15000000,3.15000000,3.15000000,34.70000000,1629777059999,109.30500000,3,0.00000000,0.00000000,0
1629777060000,3.15000000,3.15200000,3.15000000,3.15200000,99.30000000,1629777119999,312.89360000,6,14.40000000,45.38880000,0
1629777120000,3.15200000,3.15200000,3.14900000,3.15100000,953.30000000,1629777179999,3003.32850000,11,385.70000000,1215.40030000,0
1629777180000,3.15000000,3.15000000,3.14700000,3.14900000,1315.80000000,1629777239999,4143.08450000,21,202.10000000,636.41290000,0
1629777240000,3.14800000,3.15500000,3.14800000,3.15000000,487.20000000,1629777299999,1534.85480000,9,429.60000000,1353.53000000,0
1629777300000,3.15000000,3.15500000,3.14900000,3.15500000,746.60000000,1629777359999,2353.58060000,25,643.50000000,2028.89280000,0
1629777360000,3.15300000,3.15300000,3.14900000,3.15300000,1793.00000000,1629777419999,5652.52960000,8,1442.70000000,4548.13530000,0
1629777420000,3.15500000,3.15500000,3.15200000,3.15200000,84.20000000,1629777479999,265.44790000,3,16.50000000,52.05750000,0
1629777480000,3.15200000,3.15500000,3.15200000,3.15500000,108.80000000,1629777539999,343.08910000,5,50.50000000,159.32750000,0
1629777540000,3.15300000,3.15500000,3.15300000,3.15500000,122.20000000,1629777599999,385.33460000,3,19.00000000,59.94500000,0
1629777600000,3.15300000,3.15400000,3.15100000,3.15400000,476.40000000,1629777659999,1501.93960000,9,33.40000000,105.34360000,0
1629777660000,3.15000000,3.15400000,3.15000000,3.15300000,67.10000000,1629777719999,211.54600000,5,48.10000000,151.69600000,0
1629777720000,3.15000000,3.15400000,3.15000000,3.15400000,308.20000000,1629777779999,971.96960000,5,284.90000000,898.57460000,0
1629777780000,3.15200000,3.15300000,3.15000000,3.15300000,886.60000000,1629777839999,2794.43230000,12,534.50000000,1685.27250000,0
1629777840000,3.15000000,3.15000000,3.15000000,3.15000000,143.10000000,1629777899999,450.76500000,6,0.00000000,0.00000000,0
1629777900000,3.15000000,3.16400000,3.15000000,3.16400000,970.60000000,1629777959999,3060.78660000,19,679.60000000,2144.13310000,0
1629777960000,3.15600000,3.16100000,3.15600000,3.16100000,733.90000000,1629778019999,2319.67330000,23,666.30000000,2106.17430000,0
1629778020000,3.16100000,3.16400000,3.16000000,3.16000000,2785.40000000,1629778079999,8811.52600000,21,1414.80000000,4475.74840000,0
1629778080000,3.16200000,3.16400000,3.16000000,3.16000000,2293.30000000,1629778139999,7249.50470000,13,609.50000000,1926.59860000,0
1629778140000,3.16000000,3.16000000,3.16000000,3.16000000,120.90000000,1629778199999,382.04400000,2,0.00000000,0.00000000,0
1629778200000,3.16000000,3.16000000,3.16000000,3.16000000,133.20000000,1629778259999,420.91200000,4,0.00000000,0.00000000,0
1629778260000,3.15600000,3.15900000,3.15600000,3.15900000,215.10000000,1629778319999,678.95040000,12,31.60000000,99.82440000,0
1629778320000,3.15600000,3.15600000,3.15600000,3.15600000,271.50000000,1629778379999,856.85400000,10,184.00000000,580.70400000,0
1629778380000,3.15600000,3.16000000,3.15600000,3.15900000,754.60000000,1629778439999,2383.18370000,7,656.70000000,2074.12390000,0
1629778440000,3.15700000,3.15900000,3.15600000,3.15600000,773.50000000,1629778499999,2441.84710000,12,189.70000000,599.26230000,0
1629778500000,3.15500000,3.15700000,3.15500000,3.15700000,359.90000000,1629778559999,1136.12950000,4,322.50000000,1018.13250000,0
1629778560000,3.15500000,3.15800000,3.15500000,3.15800000,513.20000000,1629778619999,1620.05510000,8,364.40000000,1150.59110000,0
1629778620000,3.15600000,3.15800000,3.15500000,3.15800000,479.40000000,1629778679999,1513.65500000,10,454.80000000,1436.02750000,0
1629778680000,3.15800000,3.15900000,3.15700000,3.15900000,368.50000000,1629778739999,1163.86070000,6,184.30000000,582.18040000,0
1629778740000,3.15700000,3.15900000,3.15700000,3.15900000,55.20000000,1629778799999,174.27940000,4,24.30000000,76.72810000,0
1629778800000,3.15700000,3.15700000,3.15500000,3.15500000,87.70000000,1629778859999,276.70030000,2,0.00000000,0.00000000,0
1629778860000,3.15500000,3.15500000,3.15500000,3.15500000,161.10000000,1629778919999,508.27050000,4,0.00000000,0.00000000,0
1629778920000,3.15500000,3.15500000,3.15100000,3.15100000,529.90000000,1629778979999,1670.63900000,20,0.00000000,0.00000000,0
1629778980000,3.15100000,3.15800000,3.15100000,3.15700000,2661.90000000,1629779039999,8404.28300000,24,579.70000000,1830.25280000,0
1629779040000,3.15800000,3.15900000,3.15400000,3.15600000,2539.00000000,1629779099999,8016.99870000,13,2222.00000000,7016.81170000,0
1629779100000,3.15500000,3.15500000,3.15300000,3.15500000,974.80000000,1629779159999,3074.05740000,12,321.00000000,1012.43800000,0
1629779160000,3.15500000,3.15500000,3.15300000,3.15300000,165.10000000,1629779219999,520.79030000,4,115.00000000,362.82500000,0
1629779220000,3.15500000,3.15500000,3.15300000,3.15500000,601.80000000,1629779279999,1897.51880000,5,21.70000000,68.46350000,0
1629779280000,3.15300000,3.15500000,3.15300000,3.15500000,371.10000000,1629779339999,1170.71250000,4,317.10000000,1000.45050000,0
1629779340000,3.15300000,3.15300000,3.15300000,3.15300000,120.20000000,1629779399999,378.99060000,3,0.00000000,0.00000000,0
1629779400000,3.15300000,3.15500000,3.15300000,3.15400000,1196.60000000,1629779459999,3775.10790000,6,1112.40000000,3509.62200000,0
1629779460000,3.15500000,3.15700000,3.15400000,3.15700000,1149.40000000,1629779519999,3627.51370000,11,716.40000000,2261.41360000,0
1629779520000,3.15700000,3.15800000,3.15500000,3.15700000,1483.10000000,1629779579999,4682.68890000,9,1226.70000000,3873.69190000,0
1629779580000,3.15700000,3.15700000,3.15500000,3.15600000,442.30000000,1629779639999,1395.92770000,6,360.20000000,1136.89280000,0
1629779640000,3.15600000,3.15600000,3.15500000,3.15500000,20.30000000,1629779699999,64.04660000,4,0.00000000,0.00000000,0
1629779700000,3.15600000,3.15600000,3.15300000,3.15300000,3242.40000000,1629779759999,10230.97540000,14,29.90000000,94.36440000,0
1629779760000,3.15300000,3.15800000,3.15200000,3.15500000,196.90000000,1629779819999,620.87770000,5,24.30000000,76.73940000,0
1629779820000,3.15500000,3.16500000,3.15500000,3.16500000,6049.20000000,1629779879999,19135.66980000,17,5837.20000000,18466.80980000,0
1629779880000,3.15600000,3.16100000,3.15600000,3.16100000,217.80000000,1629779939999,688.12670000,7,202.30000000,639.20870000,0
1629779940000,3.15800000,3.15800000,3.15800000,3.15800000,302.00000000,1629779999999,953.71600000,2,0.00000000,0.00000000,0
1629780000000,3.15800000,3.16500000,3.15800000,3.16500000,787.80000000,1629780059999,2492.40770000,20,773.90000000,2448.51150000,0
1629780060000,3.16200000,3.20000000,3.16200000,3.19200000,25669.50000000,1629780119999,81620.16360000,220,17708.80000000,56326.25150000,0
1629780120000,3.19100000,3.19900000,3.18700000,3.19400000,7861.90000000,1629780179999,25106.29190000,85,4998.10000000,15969.12240000,0
1629780180000,3.19400000,3.19800000,3.19300000,3.19600000,569.70000000,1629780239999,1819.16010000,10,22.50000000,71.92240000,0
1629780240000,3.19400000,3.19700000,3.18100000,3.18900000,3527.50000000,1629780299999,11244.94960000,37,321.70000000,1025.94300000,0
1629780300000,3.19000000,3.19900000,3.18600000,3.18700000,3615.00000000,1629780359999,11545.73680000,51,2601.90000000,8313.07680000,0
1629780360000,3.18700000,3.19000000,3.18600000,3.18600000,4409.00000000,1629780419999,14048.80640000,23,2145.00000000,6835.51240000,0
1629780420000,3.18900000,3.18900000,3.18100000,3.18100000,1190.90000000,1629780479999,3794.10720000,29,339.90000000,1083.94110000,0
1629780480000,3.18000000,3.19800000,3.17600000,3.19800000,3155.10000000,1629780539999,10040.23610000,58,2640.10000000,8402.71720000,0
1629780540000,3.19500000,3.20000000,3.19100000,3.19300000,7553.10000000,1629780599999,24146.52890000,45,6715.30000000,21471.73280000,0
1629780600000,3.19300000,3.19600000,3.18300000,3.18500000,3822.30000000,1629780659999,12182.57160000,55,829.60000000,2643.27630000,0
1629780660000,3.18500000,3.18900000,3.18400000,3.18500000,1016.00000000,1629780719999,3237.26050000,19,821.40000000,2617.64100000,0
1629780720000,3.18400000,3.18800000,3.18300000,3.18300000,772.40000000,1629780779999,2460.22560000,18,195.70000000,623.21060000,0
1629780780000,3.18200000,3.18200000,3.18100000,3.18200000,229.20000000,1629780839999,729.22570000,12,15.20000000,48.35740000,0
1629780840000,3.18100000,3.18600000,3.18100000,3.18200000,281.80000000,1629780899999,897.04570000,6,94.00000000,299.48400000,0
1629780900000,3.18100000,3.18100000,3.18100000,3.18100000,56.80000000,1629780959999,180.68080000,4,0.00000000,0.00000000,0
1629780960000,3.18100000,3.18100000,3.17500000,3.18100000,2006.40000000,1629781019999,6376.79990000,28,796.30000000,2532.40150000,0
1629781020000,3.18400000,3.18500000,3.18200000,3.18200000,456.20000000,1629781079999,1452.49670000,8,415.10000000,1321.71650000,0
1629781080000,3.18200000,3.19700000,3.18200000,3.19300000,6438.10000000,1629781139999,20542.56500000,48,5680.40000000,18126.22750000,0
1629781140000,3.19000000,3.19000000,3.18800000,3.19000000,198.30000000,1629781199999,632.32320000,5,0.00000000,0.00000000,0
1629781200000,3.19200000,3.19700000,3.19000000,3.19700000,291.50000000,1629781259999,930.48940000,9,95.40000000,304.92160000,0
1629781260000,3.19200000,3.19500000,3.19200000,3.19500000,217.90000000,1629781319999,696.15630000,4,206.50000000,659.76750000,0
1629781320000,3.19100000,3.19100000,3.19100000,3.19100000,14.30000000,1629781379999,45.63130000,2,0.00000000,0.00000000,0
1629781380000,3.18900000,3.18900000,3.18900000,3.18900000,10.50000000,1629781439999,33.48450000,3,0.00000000,0.00000000,0
1629781440000,3.18800000,3.18800000,3.18600000,3.18600000,56.20000000,1629781499999,179.06560000,2,0.00000000,0.00000000,0
1629781500000,3.18800000,3.19500000,3.18600000,3.19000000,691.70000000,1629781559999,2207.19560000,14,590.60000000,1884.79490000,0
1629781560000,3.18800000,3.18800000,3.18600000,3.18600000,614.20000000,1629781619999,1956.89230000,6,0.00000000,0.00000000,0
1629781620000,3.18700000,3.19200000,3.18700000,3.19200000,325.30000000,1629781679999,1038.17100000,4,286.80000000,915.46560000,0
1629781680000,3.18800000,3.18800000,3.18700000,3.18700000,453.60000000,1629781739999,1445.78330000,19,0.00000000,0.00000000,0
1629781740000,3.18700000,3.18900000,3.18300000,3.18900000,905.40000000,1629781799999,2882.19800000,9,3.40000000,10.83720000,0
1629781800000,3.18200000,3.18800000,3.18100000,3.18500000,1763.50000000,1629781859999,5617.84320000,22,1091.90000000,3479.12440000,0
1629781860000,3.18500000,3.18500000,3.17500000,3.18300000,491.00000000,1629781919999,1560.63330000,24,11.80000000,37.55940000,0
1629781920000,3.17600000,3.18000000,3.17500000,3.17600000,263.20000000,1629781979999,835.75940000,6,9.40000000,29.89200000,0
1629781980000,3.18000000,3.18100000,3.18000000,3.18100000,100.20000000,1629782039999,318.72300000,4,0.00000000,0.00000000,0
1629782040000,3.18400000,3.18400000,3.17900000,3.18000000,1246.40000000,1629782099999,3964.69330000,10,1020.60000000,3246.36070000,0
1629782100000,3.17800000,3.18300000,3.17800000,3.18300000,3387.80000000,1629782159999,10767.09700000,16,618.40000000,1965.90320000,0
1629782160000,3.18100000,3.18300000,3.18100000,3.18300000,66.80000000,1629782219999,212.50040000,3,4.80000000,15.27840000,0
1629782220000,3.18300000,3.18300000,3.18100000,3.18200000,753.20000000,1629782279999,2396.64900000,6,753.20000000,2396.64900000,0
1629782280000,3.18100000,3.18200000,3.17900000,3.18200000,872.60000000,1629782339999,2775.01270000,8,307.70000000,979.10140000,0
1629782340000,3.18200000,3.18200000,3.17500000,3.17500000,851.80000000,1629782399999,2705.91440000,17,3.40000000,10.81880000,0
1629782400000,3.17600000,3.18300000,3.17600000,3.18200000,859.70000000,1629782459999,2735.08530000,7,817.10000000,2599.78770000,0
1629782460000,3.18200000,3.18200000,3.18000000,3.18000000,160.00000000,1629782519999,508.86200000,6,31.00000000,98.64200000,0
1629782520000,3.18000000,3.18000000,3.18000000,3.18000000,35.80000000,1629782579999,113.84400000,2,0.00000000,0.00000000,0
1629782580000,3.18200000,3.18200000,3.17500000,3.17700000,8546.90000000,1629782639999,27149.65910000,21,78.50000000,249.78700000,0
1629782640000,3.17600000,3.17600000,3.17500000,3.17500000,1954.60000000,1629782699999,6206.01230000,13,0.00000000,0.00000000,0
1629782700000,3.17600000,3.17600000,3.17500000,3.17600000,950.60000000,1629782759999,3018.19710000,11,0.00000000,0.00000000,0
1629782760000,3.18000000,3.18000000,3.17600000,3.17600000,81.00000000,1629782819999,257.30370000,4,4.00000000,12.72000000,0
1629782820000,3.17500000,3.17500000,3.17100000,3.17100000,1898.10000000,1629782879999,6020.91240000,13,0.00000000,0.00000000,0
1629782880000,3.17200000,3.17300000,3.17200000,3.17300000,137.50000000,1629782939999,436.24430000,4,0.00000000,0.00000000,0
1629782940000,3.17300000,3.17300000,3.17200000,3.17200000,177.60000000,1629782999999,563.45980000,6,22.60000000,71.70980000,0
1629783000000,3.17200000,3.17800000,3.17200000,3.17800000,979.00000000,1629783059999,3107.14480000,4,970.30000000,3079.54840000,0
1629783060000,3.17400000,3.17400000,3.17400000,3.17400000,8.70000000,1629783119999,27.61380000,2,0.00000000,0.00000000,0
1629783120000,3.17800000,3.18100000,3.17400000,3.18100000,1632.90000000,1629783179999,5192.98560000,28,611.60000000,1944.59260000,0
1629783180000,3.17900000,3.18100000,3.17500000,3.18000000,1775.60000000,1629783239999,5640.11410000,11,26.40000000,83.95200000,0
1629783240000,3.17600000,3.17600000,3.17500000,3.17500000,468.80000000,1629783299999,1488.47540000,8,0.00000000,0.00000000,0
1629783300000,3.17500000,3.17500000,3.17500000,3.17500000,27.40000000,1629783359999,86.99500000,3,0.00000000,0.00000000,0
1629783360000,3.17500000,3.17800000,3.17300000,3.17800000,755.40000000,1629783419999,2397.15730000,7,38.70000000,122.96440000,0
1629783420000,3.17400000,3.17400000,3.17400000,3.17400000,190.90000000,1629783479999,605.91660000,3,152.30000000,483.40020000,0
1629783480000,3.17300000,3.17300000,3.17300000,3.17300000,46.90000000,1629783539999,148.81370000,3,0.00000000,0.00000000,0
1629783540000,3.17300000,3.17400000,3.17100000,3.17400000,664.70000000,1629783599999,2109.14170000,13,315.00000000,999.81000000,0
1629783600000,3.17400000,3.17400000,3.17100000,3.17300000,92.30000000,1629783659999,292.84850000,7,14.80000000,46.96040000,0
1629783660000,3.17200000,3.17200000,3.17200000,3.17200000,562.90000000,1629783719999,1785.51880000,8,62.50000000,198.25000000,0
1629783720000,3.17100000,3.17100000,3.17000000,3.17100000,233.90000000,1629783779999,741.68700000,10,9.50000000,30.12450000,0
1629783780000,3.17000000,3.17100000,3.16900000,3.16900000,1676.20000000,1629783839999,5312.78010000,19,950.20000000,3011.39180000,0
1629783840000,3.16900000,3.17100000,3.16900000,3.17100000,217.70000000,1629783899999,690.30470000,7,206.70000000,655.44570000,0
1629783900000,3.17100000,3.18100000,3.17100000,3.18100000,1225.50000000,1629783959999,3889.29960000,20,941.60000000,2989.05270000,0
1629783960000,3.18100000,3.18100000,3.17800000,3.17900000,606.60000000,1629784019999,1928.21320000,7,111.50000000,354.68150000,0
1629784020000,3.18100000,3.18200000,3.17500000,3.17600000,2064.10000000,1629784079999,6559.44490000,20,101.70000000,323.11530000,0
1629784080000,3.17600000,3.17900000,3.17300000,3.17300000,973.60000000,1629784139999,3091.05560000,10,587.10000000,1864.48770000,0
1629784140000,3.17300000,3.17600000,3.17100000,3.17100000,2980.40000000,1629784199999,9453.54650000,11,1962.30000000,6224.11240000,0
1629784200000,3.17000000,3.17100000,3.17000000,3.17000000,205.10000000,1629784259999,650.18270000,4,15.70000000,49.78470000,0
1629784260000,3.17100000,3.17100000,3.16900000,3.17100000,596.50000000,1629784319999,1891.15260000,9,290.70000000,921.80970000,0
1629784320000,3.17000000,3.17000000,3.16300000,3.16400000,3423.00000000,1629784379999,10846.51440000,39,910.80000000,2886.62340000,0
1629784380000,3.16200000,3.16700000,3.16100000,3.16100000,793.60000000,1629784439999,2510.16550000,19,470.30000000,1487.76660000,0
1629784440000,3.16100000,3.16200000,3.15800000,3.15800000,2703.60000000,1629784499999,8538.34770000,26,1637.30000000,5170.66580000,0
1629784500000,3.15700000,3.15800000,3.15700000,3.15800000,309.20000000,1629784559999,976.17720000,9,32.80000000,103.58240000,0
1629784560000,3.15800000,3.15800000,3.15700000,3.15800000,795.30000000,1629784619999,2511.48640000,9,724.30000000,2287.33940000,0
1629784620000,3.15700000,3.16100000,3.15600000,3.15600000,4349.20000000,1629784679999,13726.32040000,8,3.80000000,12.01180000,0
1629784680000,3.15600000,3.16200000,3.15600000,3.16200000,212.00000000,1629784739999,669.37520000,5,25.60000000,80.94720000,0
1629784740000,3.15800000,3.16200000,3.15700000,3.15800000,163.90000000,1629784799999,517.79270000,4,64.40000000,203.63280000,0
1629784800000,3.15800000,3.16300000,3.15800000,3.16300000,25.70000000,1629784859999,81.24510000,2,16.90000000,53.45470000,0
1629784860000,3.15800000,3.16400000,3.15800000,3.16400000,311.10000000,1629784919999,982.89090000,15,74.30000000,235.05470000,0
1629784920000,3.16000000,3.16200000,3.15900000,3.16200000,165.50000000,1629784979999,522.85270000,5,4.20000000,13.28040000,0
1629784980000,3.15800000,3.15900000,3.15800000,3.15800000,103.50000000,1629785039999,326.86410000,8,76.60000000,241.90280000,0
1629785040000,3.15700000,3.15800000,3.15700000,3.15700000,463.60000000,1629785099999,1463.59020000,4,59.00000000,186.26800000,0
1629785100000,3.15600000,3.15600000,3.15300000,3.15300000,544.50000000,1629785159999,1717.81250000,16,9.90000000,31.22550000,0
1629785160000,3.15200000,3.15500000,3.15200000,3.15500000,187.00000000,1629785219999,589.90490000,7,164.10000000,517.72410000,0
1629785220000,3.15300000,3.15600000,3.15300000,3.15500000,960.30000000,1629785279999,3030.42280000,8,895.60000000,2826.34750000,0
1629785280000,3.15500000,3.15900000,3.15200000,3.15200000,760.30000000,1629785339999,2398.35310000,13,126.50000000,399.00100000,0
1629785340000,3.15300000,3.15800000,3.15300000,3.15800000,1055.80000000,1629785399999,3331.18590000,25,513.60000000,1621.26510000,0
1629785400000,3.15400000,3.15900000,3.15400000,3.15900000,417.10000000,1629785459999,1315.72790000,8,38.90000000,122.88510000,0
1629785460000,3.15400000,3.16000000,3.15400000,3.16000000,473.50000000,1629785519999,1495.75970000,18,421.70000000,1332.38250000,0
1629785520000,3.15900000,3.16000000,3.15800000,3.16000000,370.20000000,1629785579999,1169.47070000,5,31.30000000,98.90800000,0
1629785580000,3.15800000,3.16000000,3.15700000,3.15700000,120.70000000,1629785639999,381.20390000,7,17.30000000,54.66800000,0
1629785640000,3.15800000,3.16300000,3.15800000,3.16300000,72.70000000,1629785699999,229.92680000,5,69.40000000,219.50540000,0
1629785700000,3.15800000,3.15800000,3.15800000,3.15800000,13.80000000,1629785759999,43.58040000,2,0.00000000,0.00000000,0
1629785760000,3.16300000,3.16400000,3.15800000,3.16400000,339.00000000,1629785819999,1072.25020000,4,334.70000000,1058.67080000,0
1629785820000,3.16000000,3.16600000,3.16000000,3.16000000,1936.00000000,1629785879999,6119.92120000,13,188.10000000,595.24180000,0
1629785880000,3.16100000,3.16100000,3.16100000,3.16100000,185.90000000,1629785939999,587.62990000,6,0.00000000,0.00000000,0
1629785940000,3.16400000,3.16600000,3.16200000,3.16600000,39.80000000,1629785999999,125.95740000,4,36.00000000,113.94180000,0
1629786000000,3.16100000,3.16700000,3.16100000,3.16600000,245.60000000,1629786059999,777.55550000,13,226.40000000,716.86430000,0
1629786060000,3.16200000,3.16200000,3.16100000,3.16200000,303.60000000,1629786119999,959.77500000,5,0.00000000,0.00000000,0
1629786120000,3.16200000,3.16500000,3.16200000,3.16500000,31.00000000,1629786179999,98.07060000,3,16.20000000,51.27300000,0
1629786180000,3.16200000,3.16200000,3.15700000,3.16100000,3840.80000000,1629786239999,12131.75370000,17,72.70000000,229.86450000,0
1629786240000,3.15800000,3.16100000,3.15700000,3.16100000,231.50000000,1629786299999,730.94810000,5,16.60000000,52.47260000,0
1629786300000,3.16100000,3.16500000,3.15800000,3.15900000,928.10000000,1629786359999,2933.48280000,7,700.80000000,2215.64930000,0
1629786360000,3.15900000,3.15900000,3.15900000,3.15900000,35.40000000,1629786419999,111.82860000,2,0.00000000,0.00000000,0
1629786420000,3.16000000,3.16400000,3.15900000,3.15900000,606.10000000,1629786479999,1916.22440000,6,556.10000000,1758.27440000,0
1629786480000,3.15900000,3.16200000,3.15900000,3.16100000,140.40000000,1629786539999,443.67860000,6,55.60000000,175.79540000,0
1629786540000,3.16100000,3.16200000,3.15900000,3.16200000,291.40000000,1629786599999,921.14750000,7,263.40000000,832.69550000,0
1629786600000,3.16100000,3.16500000,3.16100000,3.16300000,3230.30000000,1629786659999,10222.77180000,18,3216.30000000,10178.51780000,0
1629786660000,3.16300000,3.16300000,3.16100000,3.16100000,136.10000000,1629786719999,430.23250000,4,10.20000000,32.26260000,0
1629786720000,3.16100000,3.16400000,3.16100000,3.16400000,342.30000000,1629786779999,1082.73950000,8,277.80000000,878.85500000,0
1629786780000,3.16200000,3.16200000,3.16000000,3.16000000,2039.60000000,1629786839999,6448.70000000,13,0.00000000,0.00000000,0
1629786840000,3.16000000,3.16000000,3.15800000,3.15800000,606.00000000,1629786899999,1914.58630000,12,0.00000000,0.00000000,0
1629786900000,3.15800000,3.15800000,3.15800000,3.15800000,81.90000000,1629786959999,258.64020000,3,0.00000000,0.00000000,0
1629786960000,3.15900000,3.16000000,3.15700000,3.15700000,1703.80000000,1629787019999,5381.11520000,22,273.30000000,863.62800000,0
1629787020000,3.15800000,3.16500000,3.15700000,3.15800000,2238.10000000,1629787079999,7073.62030000,17,1187.10000000,3755.00700000,0
1629787080000,3.15800000,3.16100000,3.15800000,3.15900000,593.30000000,1629787139999,1874.38790000,6,197.90000000,625.40370000,0
1629787140000,3.15800000,3.16000000,3.15800000,3.16000000,243.60000000,1629787199999,769.55280000,5,80.80000000,255.24720000,0
1629787200000,3.16000000,3.16000000,3.16000000,3.16000000,705.50000000,1629787259999,2229.38000000,6,0.00000000,0.00000000,0
1629787260000,3.16000000,3.16100000,3.16000000,3.16000000,702.90000000,1629787319999,2221.38780000,14,223.80000000,707.43180000,0
1629787320000,3.15800000,3.15800000,3.15700000,3.15700000,254.40000000,1629787379999,803.37490000,10,26.00000000,82.10800000,0
1629787380000,3.15700000,3.15700000,3.15700000,3.15700000,61.80000000,1629787439999,195.10260000,3,0.00000000,0.00000000,0
1629787440000,3.15700000,3.15800000,3.15700000,3.15700000,1218.60000000,1629787499999,3847.22480000,6,104.60000000,330.32680000,0
1629787500000,3.15800000,3.16000000,3.15700000,3.15700000,1856.20000000,1629787559999,5861.76660000,10,1736.40000000,5483.55800000,0
1629787560000,3.15700000,3.15900000,3.15700000,3.15800000,626.90000000,1629787619999,1979.92930000,10,196.70000000,621.37530000,0
1629787620000,3.15800000,3.16000000,3.15800000,3.15800000,729.00000000,1629787679999,2302.51670000,14,271.50000000,857.73170000,0
1629787680000,3.15800000,3.16200000,3.15700000,3.16100000,1021.30000000,1629787739999,3227.97380000,13,946.80000000,2992.71710000,0
1629787740000,3.15800000,3.16100000,3.15700000,3.15700000,2369.40000000,1629787799999,7481.11730000,16,27.50000000,86.92750000,0
1629787800000,3.15700000,3.15700000,3.15700000,3.15700000,160.80000000,1629787859999,507.64560000,7,0.00000000,0.00000000,0
1629787860000,3.15700000,3.16100000,3.15600000,3.15700000,7372.00000000,1629787919999,23269.30220000,27,4526.10000000,14285.89150000,0
1629787920000,3.15700000,3.16100000,3.15700000,3.15800000,2066.90000000,1629787979999,6527.09000000,11,41.60000000,131.41720000,0
1629787980000,3.15600000,3.16000000,3.15600000,3.16000000,972.50000000,1629788039999,3070.89560000,8,471.40000000,1489.42400000,0
1629788040000,3.15800000,3.16200000,3.15800000,3.16200000,612.00000000,1629788099999,1934.35970000,9,537.90000000,1700.35190000,0
1629788100000,3.16100000,3.16500000,3.16100000,3.16400000,883.90000000,1629788159999,2797.19440000,9,810.60000000,2565.44500000,0
1629788160000,3.16200000,3.16400000,3.16200000,3.16300000,330.50000000,1629788219999,1045.44540000,9,199.90000000,632.48040000,0
1629788220000,3.16200000,3.16400000,3.16200000,3.16400000,376.20000000,1629788279999,1189.93280000,7,296.30000000,937.28900000,0
1629788280000,3.16300000,3.16300000,3.16100000,3.16100000,2352.20000000,1629788339999,7437.72180000,15,100.00000000,316.30000000,0
1629788340000,3.16100000,3.16200000,3.16000000,3.16000000,615.20000000,1629788399999,1944.62090000,12,3.70000000,11.69940000,0
1629788400000,3.16000000,3.16200000,3.16000000,3.16000000,2475.30000000,1629788459999,7825.33740000,8,2156.80000000,6818.87740000,0
1629788460000,3.15900000,3.16100000,3.15800000,3.15900000,1640.30000000,1629788519999,5182.77530000,15,1476.90000000,4666.70850000,0
1629788520000,3.15900000,3.15900000,3.15900000,3.15900000,887.80000000,1629788579999,2804.56020000,9,571.20000000,1804.42080000,0
1629788580000,3.15900000,3.16200000,3.15900000,3.16200000,1774.30000000,1629788639999,5606.49450000,15,1604.30000000,5069.46450000,0
1629788640000,3.16100000,3.16200000,3.15500000,3.16100000,5567.50000000,1629788699999,17587.51100000,42,2816.20000000,8901.42450000,0
1629788700000,3.16100000,3.16600000,3.16000000,3.16400000,3973.90000000,1629788759999,12567.64560000,33,3010.10000000,9519.11090000,0
1629788760000,3.16300000,3.16400000,3.16100000,3.16100000,714.20000000,1629788819999,2258.93750000,10,43.60000000,137.90680000,0
1629788820000,3.16100000,3.17600000,3.16000000,3.16400000,8194.10000000,1629788879999,25912.05410000,54,1649.40000000,5226.02870000,0
1629788880000,3.16400000,3.16400000,3.15600000,3.15900000,3702.80000000,1629788939999,11699.34940000,59,1103.80000000,3487.47930000,0
1629788940000,3.15800000,3.15900000,3.15700000,3.15900000,1304.00000000,1629788999999,4117.68110000,11,634.90000000,2005.33240000,0
1629789000000,3.15700000,3.16000000,3.15700000,3.15700000,981.10000000,1629789059999,3098.01210000,12,326.80000000,1032.38700000,0
1629789060000,3.15700000,3.15900000,3.15400000,3.15400000,1440.50000000,1629789119999,4546.41330000,18,339.00000000,1070.25740000,0
1629789120000,3.15500000,3.15900000,3.15500000,3.15900000,1692.10000000,1629789179999,5339.60230000,8,1521.30000000,4800.55750000,0
1629789180000,3.15600000,3.15800000,3.15600000,3.15600000,400.60000000,1629789239999,1264.52920000,8,117.80000000,372.01240000,0
1629789240000,3.15600000,3.16000000,3.15600000,3.16000000,1170.10000000,1629789299999,3693.27280000,15,193.90000000,612.38560000,0
1629789300000,3.16000000,3.16100000,3.15800000,3.16100000,1796.30000000,1629789359999,5676.23060000,11,1685.30000000,5325.58680000,0
1629789360000,3.15800000,3.15800000,3.15800000,3.15800000,395.70000000,1629789419999,1249.62060000,3,0.00000000,0.00000000,0
1629789420000,3.16000000,3.16100000,3.15800000,3.15800000,598.60000000,1629789479999,1891.37490000,10,405.90000000,1282.82830000,0
1629789480000,3.15900000,3.15900000,3.15800000,3.15900000,338.30000000,1629789539999,1068.66030000,6,308.90000000,975.81510000,0
1629789540000,3.16000000,3.16100000,3.16000000,3.16000000,868.00000000,1629789599999,2742.95410000,12,393.40000000,1243.21810000,0
1629789600000,3.16100000,3.16100000,3.15900000,3.16000000,278.00000000,1629789659999,878.49080000,7,222.70000000,703.78580000,0
1629789660000,3.16300000,3.16700000,3.16100000,3.16300000,3378.40000000,1629789719999,10689.30440000,41,1329.90000000,4210.47360000,0
1629789720000,3.16100000,3.16300000,3.15800000,3.16000000,1911.00000000,1629789779999,6039.11400000,31,272.00000000,859.68020000,0
1629789780000,3.16000000,3.16200000,3.16000000,3.16200000,1603.50000000,1629789839999,5067.61820000,10,1196.10000000,3779.91800000,0
1629789840000,3.16200000,3.16400000,3.16000000,3.16000000,2391.30000000,1629789899999,7561.00590000,65,721.80000000,2282.91880000,0
1629789900000,3.16000000,3.16000000,3.15100000,3.15100000,6312.00000000,1629789959999,19930.82640000,24,50.00000000,157.75000000,0
1629789960000,3.15100000,3.15100000,3.15000000,3.15100000,655.50000000,1629790019999,2065.01340000,12,63.70000000,200.71870000,0
1629790020000,3.15000000,3.15400000,3.14600000,3.14600000,7199.60000000,1629790079999,22677.72220000,57,373.40000000,1176.80610000,0
1629790080000,3.14500000,3.15000000,3.14200000,3.14500000,2267.00000000,1629790139999,7129.74170000,35,444.30000000,1397.92310000,0
1629790140000,3.15000000,3.17400000,3.15000000,3.16100000,28695.20000000,1629790199999,90621.93780000,108,21321.30000000,67310.10530000,0
1629790200000,3.16200000,3.16800000,3.16000000,3.16500000,4955.10000000,1629790259999,15671.44260000,47,1596.10000000,5054.05510000,0
1629790260000,3.16100000,3.16700000,3.16100000,3.16300000,815.20000000,1629790319999,2579.49710000,14,446.50000000,1413.61540000,0
1629790320000,3.16700000,3.16700000,3.16400000,3.16400000,1384.10000000,1629790379999,4379.84920000,14,38.70000000,122.56290000,0
1629790380000,3.16400000,3.16400000,3.16400000,3.16400000,109.20000000,1629790439999,345.50880000,3,0.00000000,0.00000000,0
1629790440000,3.16400000,3.16400000,3.15000000,3.15000000,12207.00000000,1629790499999,38563.30350000,37,934.30000000,2943.85920000,0
1629790500000,3.14900000,3.15600000,3.14300000,3.14900000,2620.80000000,1629790559999,8245.24960000,56,136.00000000,428.67340000,0
1629790560000,3.14500000,3.14500000,3.13700000,3.14000000,3382.60000000,1629790619999,10626.83340000,48,1515.80000000,4761.49000000,0
1629790620000,3.14000000,3.15300000,3.13600000,3.14800000,2054.60000000,1629790679999,6458.88520000,52,1118.20000000,3518.01060000,0
1629790680000,3.14800000,3.15300000,3.14800000,3.15300000,490.80000000,1629790739999,1545.76400000,8,183.50000000,578.25830000,0
1629790740000,3.14900000,3.15400000,3.14900000,3.15400000,241.30000000,1629790799999,760.44420000,15,124.50000000,392.56150000,0
1629790800000,3.15400000,3.15700000,3.15100000,3.15100000,1205.50000000,1629790859999,3800.86010000,29,523.50000000,1650.98470000,0
1629790860000,3.15000000,3.15700000,3.15000000,3.15700000,2165.60000000,1629790919999,6828.37200000,9,1082.90000000,3416.47850000,0
1629790920000,3.15600000,3.16000000,3.15200000,3.15600000,2309.10000000,1629790979999,7291.14620000,31,1219.50000000,3851.87350000,0
1629790980000,3.15600000,3.15600000,3.15300000,3.15500000,1506.10000000,1629791039999,4750.54310000,11,777.50000000,2453.07810000,0
1629791040000,3.15200000,3.15700000,3.15000000,3.15300000,1308.70000000,1629791099999,4124.80150000,26,241.40000000,761.69200000,0
1629791100000,3.15300000,3.15800000,3.15100000,3.15600000,565.60000000,1629791159999,1783.85400000,12,212.80000000,671.66640000,0
1629791160000,3.15200000,3.15200000,3.14100000,3.14100000,6824.20000000,1629791219999,21481.56170000,39,180.00000000,565.39600000,0
1629791220000,3.14200000,3.14600000,3.14000000,3.14600000,9389.50000000,1629791279999,29493.31100000,29,417.80000000,1314.39880000,0
1629791280000,3.14700000,3.14700000,3.14200000,3.14300000,2954.50000000,1629791339999,9291.79700000,26,588.90000000,1852.95040000,0
1629791340000,3.14300000,3.14700000,3.14200000,3.14300000,936.30000000,1629791399999,2942.76570000,14,310.30000000,975.47560000,0
1629791400000,3.14800000,3.15100000,3.14400000,3.14900000,439.00000000,1629791459999,1381.76030000,19,168.40000000,530.35530000,0
1629791460000,3.14400000,3.14800000,3.14400000,3.14800000,152.70000000,1629791519999,480.49580000,5,103.50000000,325.81100000,0
1629791520000,3.14800000,3.14900000,3.14600000,3.14600000,933.70000000,1629791579999,2939.15110000,16,328.00000000,1032.55530000,0
1629791580000,3.14600000,3.14900000,3.14200000,3.14200000,5629.00000000,1629791639999,17701.01690000,26,1000.50000000,3149.87940000,0
1629791640000,3.14200000,3.14200000,3.13500000,3.14000000,8108.50000000,1629791699999,25455.08540000,24,319.50000000,1003.23000000,0
1629791700000,3.13600000,3.14100000,3.13500000,3.14100000,2210.10000000,1629791759999,6938.08380000,13,976.20000000,3064.64300000,0
1629791760000,3.14100000,3.14400000,3.14100000,3.14400000,169.20000000,1629791819999,531.52490000,7,31.70000000,99.63740000,0
1629791820000,3.14400000,3.16000000,3.14200000,3.15000000,3860.20000000,1629791879999,12166.68530000,41,3411.30000000,10753.15350000,0
1629791880000,3.15000000,3.15000000,3.14500000,3.14500000,204.50000000,1629791939999,643.24870000,11,21.30000000,67.03110000,0
1629791940000,3.14500000,3.14500000,3.14400000,3.14400000,513.20000000,1629791999999,1613.54460000,5,0.00000000,0.00000000,0
1629792000000,3.15100000,3.15500000,3.14400000,3.15500000,3320.00000000,1629792059999,10455.30860000,21,753.20000000,2374.05570000,0
1629792060000,3.15500000,3.15900000,3.14400000,3.14400000,3031.20000000,1629792119999,9562.00890000,27,171.90000000,542.35640000,0
1629792120000,3.14700000,3.14700000,3.13600000,3.14000000,1539.90000000,1629792179999,4839.09260000,33,706.30000000,2220.67430000,0
1629792180000,3.14000000,3.14000000,3.12900000,3.13200000,6448.30000000,1629792239999,20203.59100000,82,2486.00000000,7789.34060000,0
1629792240000,3.13200000,3.16800000,3.13100000,3.15700000,14797.60000000,1629792299999,46712.00500000,117,13006.60000000,41087.07550000,0
1629792300000,3.15300000,3.15500000,3.15200000,3.15500000,761.10000000,1629792359999,2400.02300000,13,70.00000000,220.71000000,0
1629792360000,3.15700000,3.16000000,3.15300000,3.15300000,1426.90000000,1629792419999,4503.47960000,23,608.40000000,1921.96660000,0
1629792420000,3.15200000,3.15600000,3.14500000,3.14500000,1375.40000000,1629792479999,4335.48110000,25,65.60000000,206.91280000,0
1629792480000,3.14500000,3.14500000,3.14500000,3.14500000,220.50000000,1629792539999,693.47250000,4,0.00000000,0.00000000,0
1629792540000,3.14500000,3.15400000,3.14500000,3.15400000,831.30000000,1629792599999,2617.30450000,23,329.50000000,1038.39200000,0
1629792600000,3.15000000,3.15800000,3.14700000,3.15800000,1284.00000000,1629792659999,4047.80620000,30,575.30000000,1814.59560000,0
1629792660000,3.15500000,3.15900000,3.15500000,3.15900000,259.80000000,1629792719999,820.31960000,8,18.80000000,59.38310000,0
1629792720000,3.16000000,3.16000000,3.15600000,3.15600000,1631.30000000,1629792779999,5152.48260000,20,158.30000000,500.22800000,0
1629792780000,3.15500000,3.15800000,3.15400000,3.15400000,1304.10000000,1629792839999,4113.65690000,23,60.20000000,190.10520000,0
1629792840000,3.15400000,3.15400000,3.14200000,3.14200000,4750.30000000,1629792899999,14949.50120000,48,1781.60000000,5605.90760000,0
1629792900000,3.14200000,3.14400000,3.13500000,3.13900000,3435.00000000,1629792959999,10771.82040000,31,1439.20000000,4513.67080000,0
1629792960000,3.13600000,3.13900000,3.13600000,3.13900000,753.10000000,1629793019999,2363.08160000,9,539.60000000,1693.50100000,0
1629793020000,3.13900000,3.14300000,3.13600000,3.14300000,352.40000000,1629793079999,1106.39150000,17,319.10000000,1001.96270000,0
1629793080000,3.13800000,3.14400000,3.13800000,3.13900000,2427.60000000,1629793139999,7624.90800000,24,810.90000000,2547.97890000,0
1629793140000,3.14300000,3.14300000,3.13800000,3.13800000,603.60000000,1629793199999,1894.54330000,14,84.00000000,264.01200000,0
1629793200000,3.13800000,3.14100000,3.13400000,3.13400000,951.00000000,1629793259999,2983.61990000,18,140.80000000,441.88380000,0
1629793260000,3.13400000,3.14500000,3.13400000,3.14500000,731.00000000,1629793319999,2294.63830000,37,283.00000000,888.70830000,0
1629793320000,3.14500000,3.14500000,3.13700000,3.13700000,559.30000000,1629793379999,1755.38300000,17,54.20000000,170.40320000,0
1629793380000,3.13700000,3.14400000,3.13700000,3.13800000,969.50000000,1629793439999,3043.47100000,12,368.10000000,1156.83000000,0
1629793440000,3.13800000,3.13900000,3.13800000,3.13900000,308.90000000,1629793499999,969.54590000,9,0.00000000,0.00000000,0
1629793500000,3.13900000,3.14000000,3.13700000,3.14000000,682.00000000,1629793559999,2140.07450000,10,15.90000000,49.92600000,0
1629793560000,3.13600000,3.13700000,3.12900000,3.13300000,3030.80000000,1629793619999,9489.22910000,47,285.10000000,893.40050000,0
1629793620000,3.13300000,3.13900000,3.13300000,3.13300000,1950.80000000,1629793679999,6119.64530000,30,1092.10000000,3426.34980000,0
1629793680000,3.13300000,3.14500000,3.13100000,3.13400000,1979.70000000,1629793739999,6215.71840000,27,1667.60000000,5237.97650000,0
1629793740000,3.13900000,3.13900000,3.13100000,3.13100000,393.20000000,1629793799999,1232.64320000,16,134.80000000,423.13720000,0
1629793800000,3.13200000,3.13800000,3.13100000,3.13200000,2039.30000000,1629793859999,6390.61950000,29,868.00000000,2720.01780000,0
1629793860000,3.13700000,3.14100000,3.13400000,3.13800000,1480.60000000,1629793919999,4648.45650000,12,1379.10000000,4330.32820000,0
1629793920000,3.13400000,3.13900000,3.13300000,3.13900000,862.00000000,1629793979999,2704.32930000,25,698.80000000,2192.79990000,0
1629793980000,3.14000000,3.14100000,3.14000000,3.14100000,609.20000000,1629794039999,1913.43360000,8,549.00000000,1724.40560000,0
1629794040000,3.14000000,3.14200000,3.14000000,3.14200000,274.60000000,1629794099999,862.25860000,8,7.30000000,22.93660000,0
1629794100000,3.14200000,3.14600000,3.14200000,3.14600000,79.40000000,1629794159999,249.63990000,8,29.20000000,91.83530000,0
1629794160000,3.14600000,3.14800000,3.14600000,3.14600000,240.30000000,1629794219999,756.23740000,13,190.40000000,599.25200000,0
1629794220000,3.14600000,3.14800000,3.14300000,3.14300000,299.20000000,1629794279999,940.63400000,7,43.20000000,135.99360000,0
1629794280000,3.14300000,3.14800000,3.14000000,3.14300000,2675.80000000,1629794339999,8409.16490000,37,491.70000000,1547.21080000,0
1629794340000,3.14200000,3.14200000,3.13200000,3.13700000,2233.50000000,1629794399999,7008.40900000,41,159.40000000,500.03780000,0
1629794400000,3.13300000,3.13800000,3.13300000,3.13600000,471.20000000,1629794459999,1477.35910000,8,256.90000000,805.95720000,0
1629794460000,3.13700000,3.13800000,3.13400000,3.13500000,1210.70000000,1629794519999,3796.16950000,17,503.50000000,1579.33570000,0
1629794520000,3.13500000,3.13500000,3.13200000,3.13300000,1471.40000000,1629794579999,4609.87630000,24,531.00000000,1663.68300000,0
1629794580000,3.13400000,3.13500000,3.13200000,3.13200000,2222.20000000,1629794639999,6960.09230000,10,6.70000000,21.00450000,0
1629794640000,3.13100000,3.13200000,3.12700000,3.12800000,1443.40000000,1629794699999,4516.26120000,27,181.50000000,568.28030000,0
1629794700000,3.12900000,3.12900000,3.12600000,3.12800000,780.90000000,1629794759999,2441.99050000,15,12.60000000,39.42190000,0
1629794760000,3.12800000,3.13100000,3.12300000,3.12800000,2168.40000000,1629794819999,6779.90090000,41,23.40000000,73.24290000,0
1629794820000,3.12300000,3.12800000,3.11000000,3.12200000,17058.70000000,1629794879999,53161.87880000,227,958.90000000,2992.40870000,0
1629794880000,3.12200000,3.12900000,3.11700000,3.12700000,3790.50000000,1629794939999,11834.21370000,59,1633.10000000,5101.16390000,0
1629794940000,3.12700000,3.12700000,3.12000000,3.12000000,663.80000000,1629794999999,2073.03080000,14,93.80000000,293.00590000,0
1629795000000,3.11900000,3.12300000,3.11700000,3.12000000,1513.10000000,1629795059999,4719.49480000,27,851.30000000,2656.24700000,0
1629795060000,3.11800000,3.12200000,3.11700000,3.12200000,4921.20000000,1629795119999,15350.79970000,21,1507.50000000,4703.07840000,0
1629795120000,3.12500000,3.12800000,3.12200000,3.12300000,4768.90000000,1629795179999,14892.58640000,23,4326.20000000,13510.25010000,0
1629795180000,3.12500000,3.12500000,3.12200000,3.12500000,1322.10000000,1629795239999,4129.13740000,27,19.40000000,60.59380000,0
1629795240000,3.12300000,3.12400000,3.12100000,3.12200000,1035.00000000,1629795299999,3231.97170000,21,318.10000000,993.74440000,0
1629795300000,3.12200000,3.12500000,3.12200000,3.12300000,6535.40000000,1629795359999,20421.36380000,14,6426.50000000,20081.31480000,0
1629795360000,3.12500000,3.12500000,3.12300000,3.12500000,632.00000000,1629795419999,1974.84080000,11,231.20000000,722.34080000,0
1629795420000,3.12400000,3.12500000,3.12200000,3.12500000,1785.00000000,1629795479999,5572.95600000,10,42.60000000,133.09660000,0
1629795480000,3.12500000,3.12500000,3.12200000,3.12200000,91.90000000,1629795539999,286.92140000,3,3.20000000,10.00000000,0
1629795540000,3.12200000,3.12500000,3.12100000,3.12200000,631.80000000,1629795599999,1972.49760000,7,186.10000000,581.05220000,0
1629795600000,3.12200000,3.12700000,3.12200000,3.12600000,1083.00000000,1629795659999,3383.25670000,15,270.50000000,845.37500000,0
1629795660000,3.12700000,3.13000000,3.12700000,3.12900000,367.50000000,1629795719999,1149.89440000,12,164.00000000,513.22330000,0
1629795720000,3.12800000,3.13300000,3.12400000,3.12600000,1418.10000000,1629795779999,4436.64890000,31,803.70000000,2514.91620000,0
1629795780000,3.13300000,3.13500000,3.12600000,3.12600000,2352.40000000,1629795839999,7366.45670000,48,1430.20000000,4481.50080000,0
1629795840000,3.12700000,3.14400000,3.12700000,3.14300000,8439.90000000,1629795899999,26473.24130000,78,7050.60000000,22118.55530000,0
1629795900000,3.14000000,3.14000000,3.13500000,3.13900000,1495.70000000,1629795959999,4694.72720000,16,318.20000000,998.82980000,0
1629795960000,3.13900000,3.13900000,3.13500000,3.13700000,5827.90000000,1629796019999,18293.19230000,17,4766.30000000,14961.31630000,0
1629796020000,3.13900000,3.14000000,3.13600000,3.13600000,439.10000000,1629796079999,1377.33380000,10,101.30000000,317.99300000,0
1629796080000,3.13500000,3.14100000,3.13500000,3.13900000,5714.50000000,1629796139999,17941.63740000,22,4615.00000000,14489.69490000,0
1629796140000,3.13700000,3.14400000,3.13500000,3.13500000,9441.30000000,1629796199999,29626.86870000,40,5105.10000000,16020.50840000,0
1629796200000,3.13800000,3.13800000,3.13500000,3.13800000,3077.00000000,1629796259999,9653.79790000,9,2575.80000000,8082.52630000,0
1629796260000,3.13700000,3.13700000,3.13500000,3.13700000,1576.00000000,1629796319999,4940.94260000,16,91.30000000,286.40810000,0
1629796320000,3.13500000,3.13500000,3.13400000,3.13400000,141.60000000,1629796379999,443.88360000,11,0.00000000,0.00000000,0
1629796380000,3.13400000,3.13500000,3.13400000,3.13500000,2053.00000000,1629796439999,6434.74920000,6,37.30000000,116.93550000,0
1629796440000,3.13500000,3.14000000,3.13500000,3.14000000,531.30000000,1629796499999,1667.65970000,12,309.00000000,969.90880000,0
1629796500000,3.13600000,3.13900000,3.13400000,3.13400000,2326.20000000,1629796559999,7291.93920000,25,134.20000000,420.88330000,0
1629796560000,3.13400000,3.13500000,3.12600000,3.12600000,2397.80000000,1629796619999,7505.00800000,51,151.40000000,474.20370000,0
1629796620000,3.12600000,3.13100000,3.12000000,3.12000000,7034.80000000,1629796679999,21976.37380000,91,1867.20000000,5839.69330000,0
1629796680000,3.12000000,3.12300000,3.11400000,3.11500000,12594.10000000,1629796739999,39283.98020000,105,2683.30000000,8369.48830000,0
1629796740000,3.11500000,3.12200000,3.11100000,3.11200000,5358.60000000,1629796799999,16693.67670000,78,1116.00000000,3481.24560000,0
1629796800000,3.11200000,3.12200000,3.10900000,3.11600000,7250.40000000,1629796859999,22590.65190000,139,3447.80000000,10749.19980000,0
1629796860000,3.11600000,3.12500000,3.10800000,3.10800000,9278.70000000,1629796919999,28930.76630000,197,4649.80000000,14510.78130000,0
1629796920000,3.10800000,3.11400000,3.10600000,3.11400000,3989.50000000,1629796979999,12407.93520000,132,1767.90000000,5502.95020000,0
1629796980000,3.10900000,3.12500000,3.10900000,3.11000000,4423.10000000,1629797039999,13776.65200000,124,2223.30000000,6933.46890000,0
1629797040000,3.11000000,3.12200000,3.11000000,3.12100000,6493.90000000,1629797099999,20237.34390000,110,898.00000000,2801.75920000,0
1629797100000,3.12100000,3.12100000,3.10100000,3.11600000,11287.40000000,1629797159999,35109.14560000,98,722.00000000,2248.52310000,0
1629797160000,3.11300000,3.11600000,3.11000000,3.11300000,5182.20000000,1629797219999,16131.50110000,78,1485.50000000,4626.46940000,0
1629797220000,3.11300000,3.11500000,3.10400000,3.11100000,6554.10000000,1629797279999,20387.97250000,38,3663.10000000,11397.43540000,0
1629797280000,3.11500000,3.11500000,3.10500000,3.11200000,5475.10000000,1629797339999,17035.48920000,56,2615.60000000,8139.46470000,0
1629797340000,3.11200000,3.12000000,3.10500000,3.10700000,7360.60000000,1629797399999,22905.80660000,189,2727.50000000,8497.59510000,0
1629797400000,3.10700000,3.11100000,3.10400000,3.10700000,2076.20000000,1629797459999,6449.52930000,49,991.40000000,3080.96970000,0
1629797460000,3.10500000,3.10600000,3.10000000,3.10000000,15346.80000000,1629797519999,47583.10900000,72,1883.10000000,5840.36850000,0
1629797520000,3.10500000,3.11200000,3.10000000,3.10500000,8304.60000000,1629797579999,25784.80710000,99,3310.80000000,10291.88110000,0
1629797580000,3.10700000,3.11400000,3.10600000,3.11400000,4763.30000000,1629797639999,14797.97210000,57,420.50000000,1308.50710000,0
1629797640000,3.11400000,3.12000000,3.11100000,3.11800000,5306.10000000,1629797699999,16539.57370000,117,3315.80000000,10339.07430000,0
1629797700000,3.12100000,3.12300000,3.11500000,3.12000000,3939.80000000,1629797759999,12288.51120000,61,2378.20000000,7420.41410000,0
1629797760000,3.12200000,3.12800000,3.12000000,3.12700000,7472.90000000,1629797819999,23342.62410000,65,3827.60000000,11966.11970000,0
1629797820000,3.12700000,3.14100000,3.12500000,3.13300000,6098.90000000,1629797879999,19101.89340000,77,4567.40000000,14306.80640000,0
1629797880000,3.13300000,3.13500000,3.13000000,3.13500000,3642.40000000,1629797939999,11411.69240000,31,760.00000000,2380.84740000,0
1629797940000,3.13800000,3.14100000,3.13400000,3.13500000,10197.10000000,1629797999999,31960.66370000,31,246.10000000,772.76390000,0
1629798000000,3.13400000,3.14200000,3.13400000,3.13800000,6797.00000000,1629798059999,21311.92000000,29,2682.30000000,8414.73960000,0
1629798060000,3.13900000,3.14000000,3.13400000,3.14000000,1000.70000000,1629798119999,3139.83410000,18,318.40000000,999.45760000,0
1629798120000,3.14200000,3.14500000,3.14000000,3.14500000,3420.90000000,1629798179999,10751.08190000,41,1554.50000000,4886.87930000,0
1629798180000,3.14300000,3.14600000,3.14000000,3.14100000,2328.50000000,1629798239999,7317.26720000,23,623.30000000,1960.17780000,0
1629798240000,3.14400000,3.14800000,3.14100000,3.14800000,2860.20000000,1629798299999,8988.02880000,41,840.60000000,2644.43370000,0
1629798300000,3.14400000,3.14800000,3.14300000,3.14600000,6452.10000000,1629798359999,20290.75900000,35,4281.20000000,13464.92750000,0
1629798360000,3.14500000,3.14600000,3.14100000,3.14400000,3600.30000000,1629798419999,11322.60340000,31,540.60000000,1699.92090000,0
1629798420000,3.14400000,3.14400000,3.14000000,3.14100000,417.80000000,1629798479999,1312.50900000,16,127.00000000,399.19260000,0
1629798480000,3.14300000,3.14300000,3.12700000,3.13200000,9355.80000000,1629798539999,29326.70770000,76,1139.10000000,3574.85600000,0
1629798540000,3.13200000,3.13200000,3.12600000,3.13000000,2969.00000000,1629798599999,9287.22760000,35,2217.20000000,6935.34180000,0
1629798600000,3.12500000,3.12800000,3.12100000,3.12100000,798.00000000,1629798659999,2494.05360000,18,239.00000000,747.59200000,0
1629798660000,3.12500000,3.12900000,3.12200000,3.12500000,420.40000000,1629798719999,1313.75200000,9,350.90000000,1096.60890000,0
1629798720000,3.12500000,3.12800000,3.12400000,3.12700000,1438.80000000,1629798779999,4496.27830000,15,1118.20000000,3494.43700000,0
1629798780000,3.12500000,3.12600000,3.12200000,3.12300000,613.50000000,1629798839999,1917.08850000,7,372.20000000,1163.49720000,0
1629798840000,3.12600000,3.13600000,3.12600000,3.13200000,1286.70000000,1629798899999,4026.66360000,24,1164.30000000,3643.74840000,0
1629798900000,3.13400000,3.14000000,3.13100000,3.14000000,3632.80000000,1629798959999,11396.32140000,25,2461.90000000,7727.62360000,0
1629798960000,3.14000000,3.14000000,3.13400000,3.13500000,1504.80000000,1629799019999,4723.62270000,28,1079.50000000,3389.20740000,0
1629799020000,3.13900000,3.13900000,3.13600000,3.13600000,121.20000000,1629799079999,380.09640000,8,4.40000000,13.81160000,0
1629799080000,3.13600000,3.13700000,3.13600000,3.13700000,664.00000000,1629799139999,2082.31990000,9,15.90000000,49.87830000,0
1629799140000,3.13800000,3.13800000,3.13000000,3.13200000,2767.40000000,1629799199999,8666.05260000,27,909.30000000,2846.20600000,0
1629799200000,3.12900000,3.13300000,3.12800000,3.13300000,153.30000000,1629799259999,479.90280000,11,120.40000000,376.98800000,0
1629799260000,3.12700000,3.13300000,3.12600000,3.12900000,504.90000000,1629799319999,1579.33620000,18,112.40000000,351.77790000,0
1629799320000,3.12600000,3.13000000,3.12600000,3.12700000,220.30000000,1629799379999,689.27560000,11,200.70000000,627.99810000,0
1629799380000,3.12700000,3.13000000,3.12600000,3.12600000,374.70000000,1629799439999,1171.90830000,13,269.20000000,842.11530000,0
1629799440000,3.12800000,3.12800000,3.12400000,3.12700000,1295.40000000,1629799499999,4049.76750000,26,322.80000000,1009.51270000,0
1629799500000,3.12800000,3.12900000,3.11000000,3.11900000,10200.10000000,1629799559999,31792.42130000,71,1037.30000000,3241.79340000,0
1629799560000,3.12300000,3.12600000,3.12000000,3.12400000,771.50000000,1629799619999,2408.02250000,11,262.00000000,818.38250000,0
1629799620000,3.12100000,3.12200000,3.12000000,3.12000000,3182.10000000,1629799679999,9928.91950000,15,2434.90000000,7597.16900000,0
1629799680000,3.11900000,3.12600000,3.11800000,3.12300000,1331.00000000,1629799739999,4158.15440000,21,706.40000000,2207.42360000,0
1629799740000,3.12300000,3.12300000,3.12200000,3.12300000,475.80000000,1629799799999,1485.91120000,10,369.20000000,1153.01160000,0
1629799800000,3.12300000,3.12700000,3.12200000,3.12300000,1037.50000000,1629799859999,3240.52680000,20,120.50000000,376.71590000,0
1629799860000,3.12400000,3.12800000,3.12300000,3.12300000,2385.10000000,1629799919999,7458.28850000,22,1963.50000000,6141.39350000,0
1629799920000,3.12700000,3.12700000,3.12400000,3.12700000,209.80000000,1629799979999,655.69090000,5,91.90000000,287.37130000,0
1629799980000,3.12400000,3.12400000,3.12200000,3.12200000,3255.70000000,1629800039999,10167.26800000,13,2414.50000000,7540.48350000,0
1629800040000,3.12300000,3.12800000,3.12200000,3.12800000,2511.70000000,1629800099999,7849.21140000,37,1906.90000000,5960.95410000,0
1629800100000,3.12800000,3.13200000,3.12300000,3.13200000,4029.80000000,1629800159999,12604.73440000,23,3860.10000000,12074.74810000,0
1629800160000,3.13200000,3.13800000,3.12900000,3.13300000,1332.80000000,1629800219999,4174.60750000,28,709.30000000,2223.03420000,0
1629800220000,3.13600000,3.13600000,3.13200000,3.13200000,2939.60000000,1629800279999,9210.37150000,16,2278.90000000,7139.94400000,0
1629800280000,3.13200000,3.13200000,3.12800000,3.12900000,2663.90000000,1629800339999,8334.71380000,13,1356.80000000,4244.75070000,0
1629800340000,3.13000000,3.13000000,3.12700000,3.12700000,450.30000000,1629800399999,1408.56260000,8,76.90000000,240.69700000,0
1629800400000,3.12700000,3.13000000,3.12700000,3.12900000,1290.60000000,1629800459999,4037.18310000,14,926.00000000,2897.06310000,0
1629800460000,3.13000000,3.13000000,3.12900000,3.12900000,771.50000000,1629800519999,2414.59110000,8,567.60000000,1776.58800000,0
1629800520000,3.12900000,3.12900000,3.12300000,3.12700000,4098.70000000,1629800579999,12806.25440000,16,0.00000000,0.00000000,0
1629800580000,3.12600000,3.12900000,3.12500000,3.12500000,788.20000000,1629800639999,2463.67860000,9,54.10000000,169.06780000,0
1629800640000,3.12500000,3.12500000,3.12400000,3.12500000,532.10000000,1629800699999,1662.77840000,6,431.90000000,1349.68750000,0
1629800700000,3.12900000,3.12900000,3.12500000,3.12500000,2833.90000000,1629800759999,8857.44550000,20,1057.70000000,3306.64360000,0
1629800760000,3.12500000,3.12800000,3.12400000,3.12500000,4468.20000000,1629800819999,13961.41270000,21,3180.50000000,9938.63790000,0
1629800820000,3.12500000,3.12500000,3.12300000,3.12300000,841.50000000,1629800879999,2628.77030000,6,382.90000000,1196.56250000,0
1629800880000,3.12300000,3.12500000,3.12300000,3.12500000,163.00000000,1629800939999,509.07980000,5,15.40000000,48.12500000,0
1629800940000,3.12300000,3.12400000,3.12300000,3.12300000,3928.30000000,1629800999999,12268.09690000,22,464.50000000,1450.64950000,0
1629801000000,3.12100000,3.12500000,3.11400000,3.12200000,5761.40000000,1629801059999,17992.79540000,35,4059.30000000,12684.29330000,0
1629801060000,3.12200000,3.12200000,3.11400000,3.11800000,1577.10000000,1629801119999,4918.00470000,18,1090.80000000,3401.67890000,0
1629801120000,3.11900000,3.12000000,3.11000000,3.11900000,7472.80000000,1629801179999,23292.22980000,40,1963.80000000,6125.01510000,0
1629801180000,3.11500000,3.12700000,3.11000000,3.11600000,5992.00000000,1629801239999,18691.97150000,42,5092.50000000,15891.81080000,0
1629801240000,3.11500000,3.11900000,3.10100000,3.11200000,6610.20000000,1629801299999,20543.42910000,63,1498.50000000,4666.09550000,0
1629801300000,3.11300000,3.11900000,3.10600000,3.11100000,3746.90000000,1629801359999,11657.17750000,32,1469.10000000,4575.03810000,0
1629801360000,3.11100000,3.11600000,3.11100000,3.11200000,1090.80000000,1629801419999,3396.42120000,15,535.80000000,1669.10300000,0
1629801420000,3.11300000,3.12100000,3.11100000,3.11700000,2809.00000000,1629801479999,8751.81160000,24,1957.60000000,6101.79120000,0
1629801480000,3.11700000,3.11800000,3.11300000,3.11400000,2037.50000000,1629801539999,6348.75720000,23,1150.50000000,3585.73860000,0
1629801540000,3.11400000,3.11400000,3.11400000,3.11400000,2194.70000000,1629801599999,6834.29580000,8,1726.10000000,5375.07540000,0
1629801600000,3.11400000,3.11700000,3.11400000,3.11500000,423.80000000,1629801659999,1320.39150000,11,254.60000000,793.42020000,0
1629801660000,3.11500000,3.11500000,3.11300000,3.11500000,2407.60000000,1629801719999,7498.09200000,16,177.10000000,551.66650000,0
1629801720000,3.11500000,3.11500000,3.10500000,3.11300000,4445.50000000,1629801779999,13831.53650000,38,1625.80000000,5062.46690000,0
1629801780000,3.11400000,3.11600000,3.11100000,3.11600000,1313.80000000,1629801839999,4091.48160000,12,678.10000000,2112.63200000,0
1629801840000,3.11600000,3.12100000,3.11600000,3.12100000,1088.70000000,1629801899999,3394.20970000,19,588.80000000,1836.16810000,0
1629801900000,3.12200000,3.12700000,3.12100000,3.12700000,3126.20000000,1629801959999,9774.04130000,25,2594.10000000,8111.35520000,0
1629801960000,3.12000000,3.12400000,3.12000000,3.12200000,834.80000000,1629802019999,2606.57130000,10,259.30000000,810.05320000,0
1629802020000,3.12200000,3.12200000,3.11900000,3.11900000,3168.50000000,1629802079999,9886.44120000,22,1489.70000000,4648.26090000,0
1629802080000,3.11900000,3.12400000,3.11900000,3.12400000,3544.40000000,1629802139999,11056.20020000,13,217.40000000,679.12970000,0
1629802140000,3.12100000,3.12400000,3.11700000,3.12000000,2678.10000000,1629802199999,8354.28660000,25,505.00000000,1577.45980000,0
1629802200000,3.12000000,3.12300000,3.12000000,3.12000000,5290.70000000,1629802259999,16508.39170000,14,320.20000000,999.98460000,0
1629802260000,3.12000000,3.12400000,3.11000000,3.11500000,3246.40000000,1629802319999,10109.49060000,47,271.50000000,846.48090000,0
1629802320000,3.11500000,3.11500000,3.11200000,3.11200000,1654.00000000,1629802379999,5149.21710000,26,725.00000000,2257.37960000,0
1629802380000,3.11400000,3.11400000,3.11000000,3.11400000,612.40000000,1629802439999,1906.53120000,11,153.00000000,476.20620000,0
1629802440000,3.11400000,3.11500000,3.11000000,3.11100000,98.00000000,1629802499999,305.10670000,7,63.10000000,196.52550000,0
1629802500000,3.11100000,3.11500000,3.11100000,3.11500000,1173.50000000,1629802559999,3650.85850000,10,998.70000000,3107.05170000,0
1629802560000,3.11200000,3.11500000,3.11200000,3.11200000,59.00000000,1629802619999,183.62800000,8,5.00000000,15.57500000,0
1629802620000,3.11200000,3.11300000,3.11100000,3.11200000,762.80000000,1629802679999,2373.63900000,7,35.50000000,110.51150000,0
1629802680000,3.11200000,3.11400000,3.11100000,3.11300000,1379.00000000,1629802739999,4292.33510000,16,337.90000000,1051.89870000,0
1629802740000,3.11300000,3.11500000,3.11300000,3.11500000,631.60000000,1629802799999,1966.29380000,9,61.50000000,191.57250000,0
1629802800000,3.11300000,3.11300000,3.11000000,3.11000000,988.40000000,1629802859999,3075.22700000,11,0.00000000,0.00000000,0
1629802860000,3.11100000,3.11400000,3.11100000,3.11400000,676.10000000,1629802919999,2103.64710000,8,298.80000000,929.86680000,0
1629802920000,3.11100000,3.11100000,3.11000000,3.11000000,3146.30000000,1629802979999,9785.20950000,14,216.50000000,673.53150000,0
1629802980000,3.10900000,3.11000000,3.10800000,3.11000000,673.20000000,1629803039999,2092.90810000,10,319.90000000,994.63820000,0
1629803040000,3.10900000,3.11000000,3.10200000,3.10900000,2301.50000000,1629803099999,7151.16010000,36,777.20000000,2416.61480000,0
1629803100000,3.10900000,3.10900000,3.10100000,3.10100000,8597.70000000,1629803159999,26667.82660000,27,2373.20000000,7359.66120000,0
1629803160000,3.10700000,3.10700000,3.10000000,3.10000000,1094.20000000,1629803219999,3393.36220000,27,284.50000000,882.50350000,0
1629803220000,3.10100000,3.10900000,3.10000000,3.10600000,7749.50000000,1629803279999,24069.11310000,67,3162.20000000,9827.10170000,0
1629803280000,3.10600000,3.11400000,3.10600000,3.10700000,3548.70000000,1629803339999,11033.79030000,22,193.20000000,601.19960000,0
1629803340000,3.10600000,3.11300000,3.10600000,3.10700000,1327.30000000,1629803399999,4125.89120000,16,610.80000000,1899.98510000,0
1629803400000,3.10700000,3.10700000,3.10000000,3.10300000,8073.20000000,1629803459999,25043.09830000,72,390.80000000,1213.76680000,0
1629803460000,3.10200000,3.10200000,3.09400000,3.10200000,4332.60000000,1629803519999,13420.32270000,48,1092.60000000,3385.99660000,0
1629803520000,3.10000000,3.10600000,3.09200000,3.09300000,5953.30000000,1629803579999,18443.35810000,41,2425.20000000,7518.57880000,0
1629803580000,3.09500000,3.09900000,3.09500000,3.09600000,2275.00000000,1629803639999,7041.46660000,15,1929.50000000,5971.87010000,0
1629803640000,3.09300000,3.09400000,3.09300000,3.09300000,1731.90000000,1629803699999,5357.09340000,11,375.30000000,1161.12960000,0
1629803700000,3.09300000,3.09800000,3.09300000,3.09800000,4767.00000000,1629803759999,14753.14280000,22,3003.00000000,9292.77200000,0
1629803760000,3.09300000,3.09800000,3.09000000,3.09400000,2745.00000000,1629803819999,8493.58750000,33,242.50000000,751.19050000,0
1629803820000,3.09700000,3.09900000,3.09500000,3.09900000,1422.70000000,1629803879999,4405.80410000,17,663.40000000,2055.77060000,0
1629803880000,3.09900000,3.10000000,3.09600000,3.10000000,639.70000000,1629803939999,1982.39950000,12,577.30000000,1789.10410000,0
1629803940000,3.09900000,3.10000000,3.09800000,3.09800000,3334.40000000,1629803999999,10335.61490000,13,1190.90000000,3691.75520000,0
1629804000000,3.09700000,3.09800000,3.09600000,3.09800000,633.50000000,1629804059999,1961.88500000,15,379.40000000,1174.97960000,0
1629804060000,3.09800000,3.10200000,3.09700000,3.10000000,1474.10000000,1629804119999,4568.44290000,16,967.60000000,2998.97660000,0
1629804120000,3.10100000,3.10100000,3.09800000,3.09900000,1502.70000000,1629804179999,4655.72290000,12,122.10000000,378.62410000,0
1629804180000,3.09800000,3.09900000,3.09200000,3.09300000,493.10000000,1629804239999,1525.84730000,16,95.20000000,295.01600000,0
1629804240000,3.09300000,3.09500000,3.09000000,3.09200000,1891.30000000,1629804299999,5848.40710000,25,772.50000000,2389.57690000,0
1629804300000,3.09000000,3.09400000,3.09000000,3.09400000,6092.40000000,1629804359999,18836.57650000,25,5411.60000000,16732.86690000,0
1629804360000,3.09200000,3.09500000,3.09200000,3.09300000,3605.60000000,1629804419999,11155.39760000,15,1995.60000000,6174.53280000,0
1629804420000,3.09300000,3.09700000,3.09200000,3.09700000,1807.00000000,1629804479999,5593.86730000,17,1385.40000000,4289.89290000,0
1629804480000,3.09800000,3.09900000,3.09700000,3.09900000,803.00000000,1629804539999,2487.35660000,11,374.40000000,1159.92190000,0
1629804540000,3.10000000,3.10000000,3.09800000,3.09900000,545.50000000,1629804599999,1690.64620000,9,207.10000000,641.96000000,0
1629804600000,3.09900000,3.09900000,3.09200000,3.09800000,3847.50000000,1629804659999,11907.84040000,18,1236.90000000,3831.04290000,0
1629804660000,3.09500000,3.09900000,3.09400000,3.09500000,615.00000000,1629804719999,1904.18250000,12,515.30000000,1595.68770000,0
1629804720000,3.09400000,3.09900000,3.09400000,3.09900000,3124.90000000,1629804779999,9680.40800000,34,2864.40000000,8874.39940000,0
1629804780000,3.10000000,3.10700000,3.10000000,3.10500000,698.50000000,1629804839999,2168.02250000,18,538.00000000,1670.29400000,0
1629804840000,3.10500000,3.10900000,3.10500000,3.10900000,1226.90000000,1629804899999,3814.22490000,11,1164.80000000,3621.33950000,0
1629804900000,3.10900000,3.11100000,3.10900000,3.10900000,1676.40000000,1629804959999,5213.06100000,8,1615.80000000,5024.65560000,0
1629804960000,3.10900000,3.11200000,3.10900000,3.11200000,415.40000000,1629805019999,1291.49390000,7,5.10000000,15.87120000,0
1629805020000,3.10900000,3.11200000,3.10700000,3.10900000,502.20000000,1629805079999,1561.38710000,10,48.10000000,149.63920000,0
1629805080000,3.10900000,3.11200000,3.10900000,3.11000000,88.70000000,1629805139999,275.89720000,6,56.10000000,174.51120000,0
1629805140000,3.11000000,3.11000000,3.11000000,3.11000000,379.40000000,1629805199999,1179.93400000,6,110.70000000,344.27700000,0
1629805200000,3.10900000,3.11300000,3.10900000,3.11300000,64.00000000,1629805259999,199.00920000,6,8.30000000,25.83790000,0
1629805260000,3.10900000,3.11400000,3.10900000,3.11400000,150.40000000,1629805319999,468.18620000,7,115.60000000,359.97690000,0
1629805320000,3.11400000,3.11600000,3.11200000,3.11600000,699.90000000,1629805379999,2179.72140000,15,689.70000000,2147.97900000,0
1629805380000,3.11600000,3.12400000,3.11200000,3.11600000,3708.10000000,1629805439999,11572.12430000,38,3678.90000000,11481.22930000,0
1629805440000,3.11600000,3.12000000,3.11600000,3.11700000,754.10000000,1629805499999,2350.08860000,9,16.00000000,49.91570000,0
1629805500000,3.11800000,3.11900000,3.11600000,3.11700000,370.40000000,1629805559999,1154.52070000,11,16.00000000,49.89220000,0
1629805560000,3.11700000,3.11700000,3.11700000,3.11700000,427.00000000,1629805619999,1330.95900000,5,0.00000000,0.00000000,0
1629805620000,3.11700000,3.11800000,3.11300000,3.11400000,3473.50000000,1629805679999,10825.75910000,27,959.60000000,2990.04360000,0
1629805680000,3.11400000,3.12700000,3.11200000,3.12000000,6117.90000000,1629805739999,19096.41130000,59,4416.00000000,13788.09570000,0
1629805740000,3.12000000,3.12600000,3.12000000,3.12600000,947.60000000,1629805799999,2958.99680000,14,186.00000000,580.38240000,0
1629805800000,3.12600000,3.12600000,3.12400000,3.12400000,603.50000000,1629805859999,1885.46040000,17,63.20000000,197.56320000,0
1629805860000,3.12500000,3.12900000,3.12500000,3.12500000,1696.60000000,1629805919999,5302.83130000,15,1014.80000000,3172.20630000,0
1629805920000,3.12400000,3.12700000,3.11900000,3.12000000,2467.20000000,1629805979999,7703.11630000,23,836.50000000,2613.58280000,0
1629805980000,3.11900000,3.11900000,3.11900000,3.11900000,832.10000000,1629806039999,2595.31990000,19,0.00000000,0.00000000,0
1629806040000,3.11900000,3.11900000,3.11100000,3.11600000,1790.50000000,1629806099999,5577.71320000,24,56.80000000,176.95930000,0
1629806100000,3.11200000,3.11600000,3.11200000,3.11600000,481.50000000,1629806159999,1499.73030000,11,324.30000000,1010.51880000,0
1629806160000,3.11700000,3.11800000,3.11100000,3.11100000,1708.00000000,1629806219999,5319.16770000,14,395.10000000,1231.60070000,0
1629806220000,3.11400000,3.11600000,3.11200000,3.11600000,1529.10000000,1629806279999,4763.25710000,20,1211.50000000,3774.22540000,0
1629806280000,3.11400000,3.11700000,3.11400000,3.11500000,1276.90000000,1629806339999,3979.27660000,11,461.40000000,1437.74580000,0
1629806340000,3.11700000,3.12000000,3.10200000,3.11000000,11172.60000000,1629806399999,34734.81220000,76,1135.80000000,3540.61470000,0
1629806400000,3.10800000,3.10800000,3.10200000,3.10200000,751.30000000,1629806459999,2331.36200000,9,29.90000000,92.77500000,0
1629806460000,3.10400000,3.10500000,3.10100000,3.10100000,721.20000000,1629806519999,2237.66930000,16,218.40000000,678.01360000,0
1629806520000,3.10500000,3.10600000,3.10200000,3.10500000,306.10000000,1629806579999,950.35130000,8,270.60000000,840.23030000,0
1629806580000,3.10500000,3.10600000,3.10000000,3.10000000,972.10000000,1629806639999,3017.45170000,16,410.80000000,1275.45940000,0
1629806640000,3.10100000,3.10500000,3.10100000,3.10500000,632.90000000,1629806699999,1963.37320000,12,190.20000000,590.45140000,0
1629806700000,3.10500000,3.10500000,3.10100000,3.10100000,570.40000000,1629806759999,1770.05490000,8,251.70000000,781.52850000,0
1629806760000,3.10200000,3.10400000,3.10100000,3.10200000,905.30000000,1629806819999,2809.11630000,12,510.90000000,1585.71500000,0
1629806820000,3.10200000,3.10200000,3.09900000,3.09900000,1333.60000000,1629806879999,4135.24510000,19,489.90000000,1519.66980000,0
1629806880000,3.10100000,3.10400000,3.09800000,3.10000000,805.70000000,1629806939999,2497.70830000,11,290.50000000,901.14820000,0
1629806940000,3.10200000,3.10500000,3.10000000,3.10100000,528.60000000,1629806999999,1639.36260000,5,128.80000000,399.92400000,0
1629807000000,3.10100000,3.10500000,3.10100000,3.10100000,239.00000000,1629807059999,741.43790000,10,45.40000000,140.96700000,0
1629807060000,3.10200000,3.10400000,3.10000000,3.10100000,752.40000000,1629807119999,2334.07420000,10,265.40000000,823.64230000,0
1629807120000,3.10600000,3.10600000,3.10100000,3.10200000,229.10000000,1629807179999,711.10610000,8,161.70000000,502.04680000,0
1629807180000,3.10200000,3.10200000,3.10000000,3.10000000,5136.70000000,1629807239999,15924.43740000,20,1255.10000000,3890.81000000,0
1629807240000,3.09900000,3.10000000,3.09800000,3.09800000,8120.20000000,1629807299999,25170.22940000,10,6802.90000000,21088.99000000,0
1629807300000,3.09800000,3.10000000,3.09800000,3.09800000,461.10000000,1629807359999,1428.51120000,8,11.70000000,36.27000000,0
1629807360000,3.10000000,3.10000000,3.09600000,3.09800000,1200.80000000,1629807419999,3720.35320000,17,784.70000000,2431.98820000,0
1629807420000,3.09800000,3.10000000,3.09600000,3.09700000,3920.50000000,1629807479999,12151.50790000,17,3840.00000000,11902.16200000,0
1629807480000,3.09600000,3.09600000,3.09600000,3.09600000,155.30000000,1629807539999,480.80880000,5,0.00000000,0.00000000,0
1629807540000,3.09600000,3.10000000,3.09500000,3.09500000,1052.10000000,1629807599999,3258.81780000,10,450.50000000,1396.33850000,0
1629807600000,3.09600000,3.09600000,3.09100000,3.09500000,1936.10000000,1629807659999,5989.08020000,28,441.40000000,1366.38530000,0
1629807660000,3.09200000,3.09600000,3.09200000,3.09600000,409.00000000,1629807719999,1265.75640000,8,320.60000000,992.42360000,0
1629807720000,3.09300000,3.09600000,3.09300000,3.09500000,1068.40000000,1629807779999,3305.91520000,12,316.30000000,979.26480000,0
1629807780000,3.09500000,3.09900000,3.09500000,3.09900000,1401.70000000,1629807839999,4341.42090000,15,794.50000000,2461.53690000,0
1629807840000,3.09900000,3.10000000,3.09700000,3.09900000,6692.50000000,1629807899999,20745.76070000,23,6306.80000000,19550.66770000,0
1629807900000,3.09700000,3.10000000,3.09600000,3.10000000,1043.30000000,1629807959999,3232.84000000,12,540.40000000,1674.87500000,0
1629807960000,3.09900000,3.10000000,3.09700000,3.10000000,3857.40000000,1629808019999,11957.37070000,7,3654.30000000,11328.33000000,0
1629808020000,3.09700000,3.10000000,3.09700000,3.09700000,121.30000000,1629808079999,375.78610000,3,40.00000000,124.00000000,0
1629808080000,3.09700000,3.09900000,3.09700000,3.09900000,404.40000000,1629808139999,1252.77250000,8,327.60000000,1014.92290000,0
1629808140000,3.09900000,3.09900000,3.09700000,3.09700000,2443.90000000,1629808199999,7569.58920000,14,1626.30000000,5037.47700000,0
1629808200000,3.09600000,3.09700000,3.09500000,3.09500000,592.80000000,1629808259999,1835.35940000,10,444.10000000,1375.13290000,0
1629808260000,3.09600000,3.09600000,3.09200000,3.09400000,723.20000000,1629808319999,2237.88710000,12,233.10000000,721.51460000,0
1629808320000,3.09200000,3.09400000,3.09200000,3.09400000,305.00000000,1629808379999,943.62920000,6,210.60000000,651.59640000,0
1629808380000,3.09400000,3.09500000,3.09400000,3.09500000,639.80000000,1629808439999,1979.79870000,7,257.50000000,796.96250000,0
1629808440000,3.09500000,3.09900000,3.08800000,3.08800000,8965.20000000,1629808499999,27749.91680000,47,4824.90000000,14947.87370000,0
1629808500000,3.09100000,3.09500000,3.09100000,3.09100000,1414.30000000,1629808559999,4371.85970000,7,64.60000000,199.93700000,0
1629808560000,3.09600000,3.09600000,3.08700000,3.08700000,3344.50000000,1629808619999,10332.01600000,22,746.50000000,2306.67610000,0
1629808620000,3.09100000,3.09100000,3.08000000,3.08600000,12411.70000000,1629808679999,38286.45960000,96,1792.30000000,5534.37840000,0
1629808680000,3.08600000,3.08800000,3.08600000,3.08800000,954.80000000,1629808739999,2947.59620000,13,342.80000000,1058.00220000,0
1629808740000,3.09000000,3.09000000,3.08800000,3.08800000,2231.40000000,1629808799999,6894.91030000,12,2207.20000000,6820.18070000,0
1629808800000,3.08800000,3.08900000,3.08800000,3.08800000,1339.50000000,1629808859999,4136.88340000,17,877.40000000,2709.91860000,0
1629808860000,3.08800000,3.08800000,3.08200000,3.08200000,1467.50000000,1629808919999,4527.73720000,22,180.70000000,557.76940000,0
1629808920000,3.08600000,3.08600000,3.08000000,3.08600000,1617.20000000,1629808979999,4983.72960000,14,117.10000000,361.35730000,0
1629808980000,3.08500000,3.08700000,3.08500000,3.08500000,1303.80000000,1629809039999,4022.90190000,13,621.20000000,1917.08090000,0
1629809040000,3.08600000,3.08600000,3.08000000,3.08600000,3187.30000000,1629809099999,9822.96750000,44,810.00000000,2498.49290000,0
1629809100000,3.08600000,3.08600000,3.08300000,3.08600000,1200.40000000,1629809159999,3701.88240000,26,295.10000000,910.61320000,0
1629809160000,3.08600000,3.08800000,3.08200000,3.08700000,6970.60000000,1629809219999,21510.93440000,39,3773.80000000,11643.88810000,0
1629809220000,3.08700000,3.09000000,3.08700000,3.09000000,1490.50000000,1629809279999,4603.82800000,9,776.90000000,2400.62100000,0
1629809280000,3.09000000,3.09100000,3.08000000,3.08700000,9687.30000000,1629809339999,29911.20520000,44,2697.20000000,8334.51350000,0
1629809340000,3.09100000,3.09200000,3.08200000,3.08700000,3268.40000000,1629809399999,10087.79560000,31,113.40000000,350.53260000,0
1629809400000,3.09100000,3.09300000,3.08600000,3.09300000,2702.80000000,1629809459999,8355.78770000,19,1216.00000000,3758.52440000,0
1629809460000,3.08900000,3.09100000,3.08200000,3.08900000,2477.70000000,1629809519999,7649.90380000,51,1487.90000000,4596.50680000,0
1629809520000,3.08900000,3.08900000,3.08500000,3.08500000,493.80000000,1629809579999,1525.07330000,11,437.20000000,1350.46230000,0
1629809580000,3.08800000,3.08800000,3.08500000,3.08800000,553.80000000,1629809639999,1709.69490000,13,267.40000000,825.61840000,0
1629809640000,3.08900000,3.09200000,3.08800000,3.09100000,413.10000000,1629809699999,1276.73010000,9,113.10000000,349.68830000,0
1629809700000,3.09100000,3.09700000,3.09000000,3.09600000,2322.30000000,1629809759999,7186.88240000,25,660.40000000,2043.53220000,0
1629809760000,3.09600000,3.09600000,3.09500000,3.09600000,1286.30000000,1629809819999,3982.11840000,8,1005.90000000,3114.26640000,0
1629809820000,3.09600000,3.09800000,3.09600000,3.09800000,1227.10000000,1629809879999,3799.13530000,8,1202.30000000,3722.35450000,0
1629809880000,3.09800000,3.09900000,3.09600000,3.09900000,1313.20000000,1629809939999,4068.36930000,10,820.90000000,2543.96910000,0
1629809940000,3.09900000,3.09900000,3.09600000,3.09600000,1303.80000000,1629809999999,4036.89870000,14,111.30000000,344.91870000,0
1629810000000,3.09500000,3.09500000,3.09000000,3.09000000,2403.30000000,1629810059999,7435.37870000,22,138.80000000,429.44720000,0
1629810060000,3.09400000,3.09400000,3.09100000,3.09100000,386.00000000,1629810119999,1193.59910000,11,115.20000000,356.42880000,0
1629810120000,3.09400000,3.09400000,3.09200000,3.09200000,632.10000000,1629810179999,1955.24680000,7,396.80000000,1227.69920000,0
1629810180000,3.09200000,3.09400000,3.09200000,3.09200000,545.20000000,1629810239999,1686.11460000,4,178.10000000,551.04140000,0
1629810240000,3.09300000,3.09400000,3.09000000,3.09000000,3079.20000000,1629810299999,9520.15690000,24,659.50000000,2040.16970000,0
1629810300000,3.09000000,3.09200000,3.08100000,3.08100000,2084.80000000,1629810359999,6440.74430000,40,1196.30000000,3698.95960000,0
1629810360000,3.08400000,3.08600000,3.08200000,3.08200000,634.70000000,1629810419999,1957.57820000,9,523.50000000,1614.85980000,0
1629810420000,3.08400000,3.08600000,3.08200000,3.08400000,584.00000000,1629810479999,1801.24690000,8,468.80000000,1446.11540000,0
1629810480000,3.08500000,3.08700000,3.08400000,3.08400000,1092.00000000,1629810539999,3368.95370000,20,845.20000000,2607.82250000,0
1629810540000,3.08700000,3.09100000,3.08500000,3.08700000,596.50000000,1629810599999,1841.93700000,10,574.90000000,1775.29290000,0
1629810600000,3.08500000,3.08900000,3.08500000,3.08900000,1374.50000000,1629810659999,4243.36660000,20,964.50000000,2977.89510000,0
1629810660000,3.08700000,3.08900000,3.08600000,3.08600000,762.40000000,1629810719999,2353.28650000,11,87.80000000,271.11480000,0
1629810720000,3.08700000,3.08700000,3.08600000,3.08600000,354.40000000,1629810779999,1093.72860000,5,6.70000000,20.68290000,0
1629810780000,3.08700000,3.08900000,3.08600000,3.08700000,4835.90000000,1629810839999,14924.00690000,7,149.50000000,461.76970000,0
1629810840000,3.08700000,3.09200000,3.08700000,3.08700000,1417.20000000,1629810899999,4377.64220000,13,840.20000000,2596.44320000,0
1629810900000,3.08700000,3.09300000,3.08700000,3.08700000,2091.60000000,1629810959999,6462.45170000,28,1023.80000000,3164.88150000,0
1629810960000,3.08700000,3.08900000,3.08600000,3.08600000,3243.50000000,1629811019999,10013.02200000,15,119.40000000,368.82660000,0
1629811020000,3.08600000,3.08900000,3.08500000,3.08500000,2730.10000000,1629811079999,8426.67240000,18,1114.90000000,3442.03730000,0
1629811080000,3.08600000,3.08600000,3.08300000,3.08300000,270.60000000,1629811139999,834.55190000,15,32.40000000,99.95740000,0
1629811140000,3.08300000,3.08600000,3.08000000,3.08000000,4184.20000000,1629811199999,12890.80110000,25,54.20000000,167.23000000,0
1629811200000,3.08000000,3.08000000,3.07300000,3.07300000,4253.40000000,1629811259999,13080.61980000,56,2455.70000000,7551.42690000,0
1629811260000,3.07300000,3.07700000,3.07300000,3.07700000,674.50000000,1629811319999,2074.31840000,13,440.80000000,1355.99820000,0
1629811320000,3.07600000,3.07700000,3.07300000,3.07300000,1861.00000000,1629811379999,5723.73530000,21,323.10000000,993.91980000,0
1629811380000,3.07300000,3.07400000,3.07000000,3.07100000,7739.80000000,1629811439999,23763.84940000,66,209.70000000,644.41260000,0
1629811440000,3.07100000,3.07100000,3.06000000,3.06100000,6128.10000000,1629811499999,18765.11470000,87,657.10000000,2015.84920000,0
1629811500000,3.06500000,3.06500000,3.06000000,3.06300000,4242.60000000,1629811559999,12984.48840000,54,442.00000000,1353.77960000,0
1629811560000,3.06200000,3.06200000,3.05700000,3.06000000,11057.90000000,1629811619999,33829.21390000,50,2358.80000000,7218.67910000,0
1629811620000,3.06000000,3.06200000,3.05700000,3.06000000,3513.70000000,1629811679999,10753.32000000,21,1946.50000000,5958.06100000,0
1629811680000,3.05700000,3.06000000,3.05700000,3.06000000,591.00000000,1629811739999,1807.19340000,8,202.60000000,619.82200000,0
1629811740000,3.05700000,3.05800000,3.05500000,3.05500000,1144.00000000,1629811799999,3496.64700000,21,101.70000000,310.91900000,0
1629811800000,3.05700000,3.05700000,3.05200000,3.05200000,5192.20000000,1629811859999,15853.20660000,75,388.50000000,1186.51510000,0
1629811860000,3.05100000,3.05700000,3.04600000,3.05100000,21513.00000000,1629811919999,65587.30950000,155,1581.00000000,4825.04130000,0
1629811920000,3.05000000,3.05100000,3.03700000,3.04800000,19507.60000000,1629811979999,59374.73090000,119,7860.00000000,23942.33880000,0
1629811980000,3.04200000,3.04600000,3.03900000,3.04000000,5325.40000000,1629812039999,16199.23400000,58,1291.10000000,3928.92350000,0
1629812040000,3.04000000,3.04200000,3.02600000,3.03200000,17081.80000000,1629812099999,51789.58000000,167,5227.70000000,15860.93980000,0
1629812100000,3.03700000,3.03700000,3.02700000,3.03000000,4376.80000000,1629812159999,13268.57400000,47,1962.10000000,5949.99950000,0
1629812160000,3.03000000,3.03900000,3.02700000,3.03700000,6310.80000000,1629812219999,19138.35090000,50,5035.70000000,15273.70310000,0
1629812220000,3.03300000,3.04100000,3.03000000,3.03500000,2039.20000000,1629812279999,6184.09510000,39,835.10000000,2534.33210000,0
1629812280000,3.03900000,3.04000000,3.03500000,3.03700000,3658.30000000,1629812339999,11106.71610000,36,1254.70000000,3810.06410000,0
1629812340000,3.03600000,3.03900000,3.03400000,3.03600000,5474.80000000,1629812399999,16621.97230000,34,2336.10000000,7094.78080000,0
1629812400000,3.03600000,3.04600000,3.03300000,3.04300000,2664.10000000,1629812459999,8096.21710000,33,1786.40000000,5430.44970000,0
1629812460000,3.04100000,3.04700000,3.04100000,3.04500000,5190.10000000,1629812519999,15800.33780000,46,963.30000000,2933.87740000,0
1629812520000,3.04500000,3.04500000,3.04100000,3.04300000,3624.30000000,1629812579999,11027.43970000,31,1873.30000000,5699.50640000,0
1629812580000,3.04100000,3.04600000,3.04100000,3.04400000,1046.90000000,1629812639999,3185.74120000,20,895.90000000,2726.45180000,0
1629812640000,3.04400000,3.04700000,3.04100000,3.04300000,2751.00000000,1629812699999,8371.66170000,33,843.60000000,2568.19820000,0
1629812700000,3.04300000,3.04800000,3.04200000,3.04400000,5478.70000000,1629812759999,16680.35050000,39,2609.40000000,7945.24060000,0
1629812760000,3.04400000,3.04500000,3.04000000,3.04000000,3493.30000000,1629812819999,10625.28970000,33,139.00000000,423.15180000,0
1629812820000,3.04100000,3.04100000,3.03200000,3.03700000,7727.10000000,1629812879999,23450.24780000,52,707.20000000,2147.15680000,0
1629812880000,3.03400000,3.03700000,3.03200000,3.03200000,5624.40000000,1629812939999,17055.22210000,38,764.20000000,2318.76910000,0
1629812940000,3.03200000,3.03300000,3.03100000,3.03200000,15067.50000000,1629812999999,45697.81820000,29,13303.50000000,40349.46910000,0
1629813000000,3.03100000,3.03300000,3.03000000,3.03200000,5056.00000000,1629813059999,15328.78540000,26,4526.40000000,13723.65600000,0
1629813060000,3.03200000,3.03200000,3.03000000,3.03000000,3113.90000000,1629813119999,9437.60200000,26,1292.50000000,3918.76000000,0
1629813120000,3.03000000,3.03200000,3.02700000,3.03200000,8288.50000000,1629813179999,25120.87260000,55,2659.40000000,8058.65990000,0
1629813180000,3.03100000,3.03200000,3.02600000,3.02600000,1107.30000000,1629813239999,3354.53240000,14,164.80000000,499.54170000,0
1629813240000,3.02600000,3.03100000,3.02600000,3.03100000,1947.60000000,1629813299999,5898.72870000,21,1639.40000000,4965.85460000,0
1629813300000,3.03100000,3.03100000,3.02700000,3.03100000,1345.90000000,1629813359999,4079.16130000,16,1198.20000000,3631.73510000,0
1629813360000,3.03000000,3.03000000,3.01600000,3.02300000,56664.90000000,1629813419999,171158.15770000,135,3715.00000000,11216.69570000,0
1629813420000,3.01900000,3.02300000,3.01600000,3.01800000,6632.10000000,1629813479999,20020.00490000,50,472.70000000,1427.64070000,0
1629813480000,3.02300000,3.02800000,3.01800000,3.02000000,1252.60000000,1629813539999,3787.85650000,27,1028.50000000,3111.19550000,0
1629813540000,3.02000000,3.02700000,3.02000000,3.02700000,2919.70000000,1629813599999,8821.03670000,33,1130.90000000,3417.58300000,0
1629813600000,3.02400000,3.02500000,3.01000000,3.01100000,13356.40000000,1629813659999,40244.76830000,80,271.50000000,818.99990000,0
1629813660000,3.01700000,3.02400000,3.00600000,3.01600000,9105.60000000,1629813719999,27404.53200000,63,908.40000000,2741.04390000,0
1629813720000,3.01400000,3.02400000,3.00900000,3.02400000,6401.00000000,1629813779999,19312.88220000,74,4079.50000000,12307.53610000,0
1629813780000,3.02500000,3.02900000,3.02000000,3.02100000,3238.20000000,1629813839999,9789.06310000,42,846.30000000,2562.25690000,0
1629813840000,3.02100000,3.02600000,3.02100000,3.02200000,1565.60000000,1629813899999,4730.31300000,16,511.10000000,1544.60420000,0
1629813900000,3.02600000,3.02700000,3.02100000,3.02200000,5075.50000000,1629813959999,15353.10540000,34,1999.20000000,6049.51080000,0
1629813960000,3.02500000,3.04600000,3.02200000,3.04000000,25998.80000000,1629814019999,78938.40400000,116,14269.00000000,43283.36380000,0
1629814020000,3.04400000,3.04600000,3.04000000,3.04000000,4487.40000000,1629814079999,13647.66230000,27,536.90000000,1633.98890000,0
1629814080000,3.04200000,3.04700000,3.04000000,3.04200000,6545.10000000,1629814139999,19908.20960000,25,3083.90000000,9383.99220000,0
1629814140000,3.04400000,3.04600000,3.04100000,3.04600000,875.20000000,1629814199999,2664.09970000,23,438.30000000,1334.51360000,0
1629814200000,3.04400000,3.04900000,3.04400000,3.04500000,1977.80000000,1629814259999,6024.85330000,26,1337.10000000,4073.92560000,0
1629814260000,3.04500000,3.04800000,3.04100000,3.04100000,3792.90000000,1629814319999,11543.48000000,52,552.00000000,1682.11050000,0
1629814320000,3.04100000,3.04600000,3.04000000,3.04000000,9969.50000000,1629814379999,30308.05440000,37,56.50000000,172.09900000,0
1629814380000,3.04000000,3.06000000,3.04000000,3.05100000,9232.40000000,1629814439999,28155.77640000,59,4405.50000000,13442.82730000,0
1629814440000,3.05200000,3.05600000,3.04000000,3.04000000,3288.60000000,1629814499999,10015.73750000,48,625.90000000,1906.38850000,0
1629814500000,3.04400000,3.04400000,3.04000000,3.04000000,23944.30000000,1629814559999,72790.93900000,33,19.20000000,58.39560000,0
1629814560000,3.04000000,3.04000000,3.01000000,3.01000000,5223.60000000,1629814619999,15813.49960000,114,453.90000000,1370.03710000,0
1629814620000,3.01400000,3.01500000,3.00900000,3.01500000,4576.10000000,1629814679999,13787.42060000,42,3316.00000000,9993.86520000,0
1629814680000,3.01400000,3.02600000,3.01100000,3.01100000,5453.60000000,1629814739999,16446.81200000,54,1220.80000000,3683.68750000,0
1629814740000,3.01300000,3.02200000,3.00800000,3.01700000,12595.50000000,1629814799999,37949.80050000,67,5932.90000000,17887.13410000,0
1629814800000,3.01200000,3.03200000,3.01200000,3.03200000,2254.70000000,1629814859999,6807.93350000,72,1608.10000000,4855.98670000,0
1629814860000,3.03100000,3.04400000,3.03100000,3.04300000,4524.80000000,1629814919999,13761.35380000,64,1721.00000000,5235.31270000,0
1629814920000,3.04200000,3.04600000,3.03800000,3.04000000,2348.20000000,1629814979999,7146.51680000,54,1754.30000000,5340.06200000,0
1629814980000,3.04100000,3.04500000,3.03600000,3.03800000,3900.30000000,1629815039999,11861.50300000,28,1487.70000000,4527.85670000,0
1629815040000,3.03800000,3.04100000,3.03100000,3.03600000,2271.50000000,1629815099999,6897.62280000,47,1256.10000000,3815.65620000,0
1629815100000,3.03500000,3.03700000,3.03200000,3.03700000,499.50000000,1629815159999,1516.72920000,8,455.60000000,1383.62440000,0
1629815160000,3.03300000,3.03500000,3.03000000,3.03000000,2728.40000000,1629815219999,8271.27200000,33,524.50000000,1590.70840000,0
1629815220000,3.03300000,3.03800000,3.03100000,3.03700000,4080.70000000,1629815279999,12384.55600000,52,2677.20000000,8126.14060000,0
1629815280000,3.03800000,3.04000000,3.03400000,3.03400000,1311.80000000,1629815339999,3985.57660000,18,614.80000000,1868.19690000,0
1629815340000,3.03400000,3.03600000,3.03300000,3.03300000,571.90000000,1629815399999,1734.85990000,10,171.20000000,519.53340000,0
1629815400000,3.03300000,3.04000000,3.03300000,3.03900000,1789.90000000,1629815459999,5436.29640000,33,1133.40000000,3444.35030000,0
1629815460000,3.03900000,3.04700000,3.03600000,3.04400000,2160.60000000,1629815519999,6574.39230000,28,504.20000000,1533.30600000,0
1629815520000,3.04400000,3.05100000,3.04400000,3.04500000,5827.80000000,1629815579999,17767.20410000,43,3770.10000000,11492.55930000,0
1629815580000,3.04900000,3.04900000,3.03800000,3.03800000,5225.00000000,1629815639999,15915.04590000,48,1215.30000000,3702.93910000,0
1629815640000,3.03600000,3.03600000,3.01300000,3.02100000,11466.90000000,1629815699999,34653.88780000,138,4492.90000000,13588.17660000,0
1629815700000,3.02100000,3.02900000,3.01900000,3.02100000,7990.30000000,1629815759999,24142.04410000,40,2000.40000000,6047.89560000,0
1629815760000,3.01700000,3.02400000,3.01500000,3.02000000,15066.70000000,1629815819999,45520.45030000,75,4167.60000000,12581.26610000,0
1629815820000,3.01600000,3.02400000,3.00600000,3.00600000,5367.80000000,1629815879999,16180.09140000,76,482.60000000,1458.11330000,0
1629815880000,3.01000000,3.02300000,3.00500000,3.01800000,5562.50000000,1629815939999,16763.43400000,58,2043.20000000,6164.92490000,0
1629815940000,3.02200000,3.04400000,3.01900000,3.04000000,8190.50000000,1629815999999,24833.40530000,109,4838.50000000,14663.60360000,0
1629816000000,3.04100000,3.05000000,3.04000000,3.04300000,8758.60000000,1629816059999,26689.95430000,60,2407.60000000,7336.41000000,0
1629816060000,3.04300000,3.04900000,3.04300000,3.04900000,1377.10000000,1629816119999,4195.52140000,28,894.30000000,2725.58800000,0
1629816120000,3.04400000,3.04900000,3.03500000,3.03800000,5350.10000000,1629816179999,16272.84300000,60,1726.20000000,5251.67350000,0
1629816180000,3.03800000,3.04000000,3.03500000,3.03600000,1552.70000000,1629816239999,4714.65900000,18,372.20000000,1131.25960000,0
1629816240000,3.03600000,3.04000000,3.03600000,3.03700000,4332.10000000,1629816299999,13168.55560000,13,4154.50000000,12629.19740000,0
1629816300000,3.03700000,3.04000000,3.03700000,3.04000000,1553.90000000,1629816359999,4722.89860000,18,936.80000000,2847.75380000,0
1629816360000,3.04000000,3.04400000,3.03800000,3.04000000,2429.30000000,1629816419999,7385.25820000,25,1490.70000000,4532.32760000,0
1629816420000,3.04000000,3.04000000,3.02100000,3.02300000,9177.60000000,1629816479999,27828.25350000,76,3625.40000000,10983.24780000,0
1629816480000,3.02300000,3.02500000,3.01000000,3.01000000,8677.60000000,1629816539999,26188.36770000,88,2956.40000000,8921.10460000,0
1629816540000,3.01300000,3.03000000,3.01100000,3.02600000,11400.50000000,1629816599999,34468.99420000,56,7527.20000000,22736.44100000,0
1629816600000,3.02200000,3.02200000,3.01000000,3.01900000,16839.40000000,1629816659999,50717.49300000,75,12798.10000000,38531.59500000,0
1629816660000,3.01900000,3.02000000,3.01200000,3.01200000,2905.20000000,1629816719999,8760.71330000,37,35.20000000,106.24100000,0
1629816720000,3.01800000,3.02200000,3.01500000,3.02000000,1187.30000000,1629816779999,3584.87100000,19,528.50000000,1595.77330000,0
1629816780000,3.01900000,3.02200000,3.01600000,3.01600000,761.50000000,1629816839999,2299.33900000,12,71.70000000,216.54500000,0
1629816840000,3.01600000,3.01600000,3.01200000,3.01300000,2243.40000000,1629816899999,6763.49460000,24,41.10000000,123.90570000,0
1629816900000,3.01500000,3.01900000,3.01400000,3.01800000,1624.30000000,1629816959999,4899.69020000,26,1127.70000000,3402.12340000,0
1629816960000,3.01400000,3.01400000,3.01000000,3.01000000,977.20000000,1629817019999,2943.98510000,11,91.80000000,276.68520000,0
1629817020000,3.01000000,3.01400000,3.00900000,3.01400000,1618.60000000,1629817079999,4872.06100000,17,106.60000000,321.29240000,0
1629817080000,3.01000000,3.01500000,3.01000000,3.01000000,792.60000000,1629817139999,2386.52790000,19,167.30000000,504.34060000,0
1629817140000,3.01400000,3.02500000,3.01300000,3.02500000,5165.60000000,1629817199999,15592.14000000,46,4155.70000000,12547.29210000,0
1629817200000,3.01700000,3.02200000,3.01300000,3.01300000,2329.80000000,1629817259999,7029.99220000,33,56.70000000,171.13050000,0
1629817260000,3.01300000,3.01300000,3.00000000,3.00000000,25022.70000000,1629817319999,75107.60770000,282,1445.60000000,4352.57970000,0
1629817320000,3.00000000,3.01100000,3.00000000,3.01000000,6056.30000000,1629817379999,18177.96570000,62,652.30000000,1962.29980000,0
1629817380000,3.00700000,3.01100000,3.00500000,3.00500000,690.90000000,1629817439999,2077.86760000,14,396.90000000,1193.81250000,0
1629817440000,3.00900000,3.01200000,3.00900000,3.01100000,2724.80000000,1629817499999,8202.98950000,32,1303.60000000,3924.63870000,0
1629817500000,3.01300000,3.01300000,3.00700000,3.00700000,1285.10000000,1629817559999,3870.08480000,22,477.40000000,1438.16890000,0
1629817560000,3.00700000,3.01200000,3.00000000,3.00700000,5900.70000000,1629817619999,17750.95370000,40,2172.40000000,6537.92390000,0
1629817620000,3.00700000,3.01100000,3.00700000,3.00800000,1609.40000000,1629817679999,4841.77670000,13,666.50000000,2006.23980000,0
1629817680000,3.00800000,3.01200000,3.00800000,3.01100000,971.90000000,1629817739999,2925.57160000,19,587.40000000,1768.66780000,0
1629817740000,3.00900000,3.01300000,3.00900000,3.01100000,1184.60000000,1629817799999,3565.12790000,18,23.20000000,69.90160000,0
1629817800000,3.01000000,3.01400000,3.00800000,3.01300000,3667.90000000,1629817859999,11044.72280000,38,1374.10000000,4140.32230000,0
1629817860000,3.01100000,3.01300000,3.01100000,3.01300000,111.40000000,1629817919999,335.60160000,6,88.10000000,265.44530000,0
1629817920000,3.01300000,3.01400000,3.01100000,3.01400000,407.30000000,1629817979999,1226.98050000,12,268.40000000,808.75260000,0
1629817980000,3.01100000,3.01400000,3.00500000,3.01300000,4414.10000000,1629818039999,13279.15560000,40,886.50000000,2670.72120000,0
1629818040000,3.01300000,3.01300000,3.00900000,3.00900000,1064.30000000,1629818099999,3202.50510000,12,644.10000000,1938.12330000,0
1629818100000,3.01000000,3.01400000,3.00900000,3.01300000,2032.90000000,1629818159999,6123.21710000,18,1428.70000000,4304.75900000,0
1629818160000,3.01300000,3.01300000,3.00800000,3.00800000,619.00000000,1629818219999,1862.86380000,13,34.80000000,104.85240000,0
1629818220000,3.00800000,3.01200000,3.00800000,3.01200000,866.90000000,1629818279999,2609.94650000,8,662.30000000,1994.50970000,0
1629818280000,3.00800000,3.02400000,3.00800000,3.00800000,6195.40000000,1629818339999,18670.95260000,60,4910.30000000,14802.68880000,0
1629818340000,3.01300000,3.01300000,3.00000000,3.00100000,6442.30000000,1629818399999,19347.14290000,68,247.50000000,745.24970000,0
1629818400000,3.00400000,3.00400000,3.00000000,3.00200000,1343.20000000,1629818459999,4030.91060000,18,352.00000000,1056.86330000,0
1629818460000,3.00200000,3.00500000,3.00000000,3.00000000,11922.40000000,1629818519999,35770.88420000,78,654.50000000,1965.85640000,0
1629818520000,3.00100000,3.00400000,2.99800000,2.99900000,17831.40000000,1629818579999,53492.33910000,70,2124.00000000,6370.02500000,0
1629818580000,3.00000000,3.00000000,2.99200000,2.99900000,9275.90000000,1629818639999,27807.08270000,75,4008.90000000,12022.17040000,0
1629818640000,2.99900000,3.00000000,2.98500000,3.00000000,9714.80000000,1629818699999,29067.84740000,106,2760.50000000,8268.01790000,0
1629818700000,2.99300000,2.99600000,2.98000000,2.98500000,7992.30000000,1629818759999,23872.15530000,125,1958.40000000,5860.19440000,0
1629818760000,2.98500000,2.98900000,2.98000000,2.98900000,7018.00000000,1629818819999,20933.30500000,57,1281.10000000,3823.36440000,0
1629818820000,2.99100000,2.99100000,2.98100000,2.98400000,3169.90000000,1629818879999,9455.67660000,53,873.00000000,2605.13550000,0
1629818880000,2.98400000,2.98500000,2.98200000,2.98500000,3818.90000000,1629818939999,11389.98180000,27,1037.80000000,3096.74160000,0
1629818940000,2.98500000,3.00400000,2.98300000,3.00100000,34146.40000000,1629818999999,102048.45570000,64,27606.70000000,82451.34710000,0
1629819000000,2.99800000,3.00400000,2.99800000,3.00300000,2224.20000000,1629819059999,6676.19700000,15,1428.30000000,4289.97430000,0
1629819060000,3.00300000,3.00400000,2.99700000,2.99700000,1982.70000000,1629819119999,5946.26330000,13,416.70000000,1250.52810000,0
1629819120000,2.99800000,3.00000000,2.98700000,2.98800000,7421.10000000,1629819179999,22225.00720000,59,495.00000000,1483.69590000,0
1629819180000,2.98800000,2.98800000,2.98300000,2.98700000,2882.20000000,1629819239999,8604.79560000,28,781.20000000,2333.44440000,0
1629819240000,2.98800000,2.98900000,2.98400000,2.98500000,1361.30000000,1629819299999,4064.66140000,19,218.20000000,651.85920000,0
1629819300000,2.98500000,2.98700000,2.98000000,2.98100000,3460.20000000,1629819359999,10322.27110000,35,831.30000000,2481.62630000,0
1629819360000,2.98200000,2.98400000,2.97200000,2.98300000,6561.70000000,1629819419999,19542.47560000,127,2771.50000000,8252.28110000,0
1629819420000,2.98000000,2.98300000,2.97900000,2.98000000,987.70000000,1629819479999,2943.22280000,14,509.50000000,1518.39380000,0
1629819480000,2.98300000,2.98300000,2.96300000,2.96900000,14889.80000000,1629819539999,44198.58160000,96,117.30000000,349.18950000,0
1629819540000,2.97300000,2.97500000,2.96200000,2.96200000,2045.20000000,1629819599999,6067.41390000,63,527.70000000,1567.75120000,0
1629819600000,2.96600000,2.97200000,2.96600000,2.97200000,1051.90000000,1629819659999,3124.66020000,16,1016.90000000,3020.85020000,0
1629819660000,2.96800000,2.97000000,2.96600000,2.96600000,1521.90000000,1629819719999,4515.40940000,20,182.00000000,540.54000000,0
1629819720000,2.96600000,2.96900000,2.96200000,2.96900000,2331.80000000,1629819779999,6912.59790000,48,1290.30000000,3826.84960000,0
1629819780000,2.96900000,2.97900000,2.96700000,2.97900000,3454.20000000,1629819839999,10261.00030000,44,1815.00000000,5392.92760000,0
1629819840000,2.97600000,2.97600000,2.96900000,2.97000000,5367.60000000,1629819899999,15942.44150000,35,2926.20000000,8690.89970000,0
1629819900000,2.97000000,2.97100000,2.96500000,2.97100000,11583.20000000,1629819959999,34389.67910000,30,6413.30000000,19047.52100000,0
1629819960000,2.96900000,2.97800000,2.96900000,2.97700000,2788.70000000,1629820019999,8291.20510000,33,1762.30000000,5240.82710000,0
1629820020000,2.97500000,2.97600000,2.97000000,2.97100000,1623.70000000,1629820079999,4826.91230000,18,704.30000000,2095.21210000,0
1629820080000,2.97100000,2.97400000,2.96900000,2.97100000,1759.70000000,1629820139999,5226.02220000,70,88.70000000,263.73180000,0
1629820140000,2.97500000,2.97700000,2.97100000,2.97600000,1553.10000000,1629820199999,4620.16040000,40,988.10000000,2940.26420000,0
1629820200000,2.97400000,2.97600000,2.97100000,2.97600000,3456.70000000,1629820259999,10279.53030000,19,2833.90000000,8428.57510000,0
1629820260000,2.97500000,2.97500000,2.96500000,2.97100000,3536.30000000,1629820319999,10507.00070000,44,848.90000000,2525.11790000,0
1629820320000,2.96700000,2.96700000,2.94200000,2.95400000,69446.10000000,1629820379999,204995.55100000,474,18220.10000000,53815.20420000,0
1629820380000,2.95400000,2.95400000,2.94600000,2.95300000,1834.50000000,1629820439999,5411.53250000,28,319.30000000,943.07030000,0
1629820440000,2.95300000,2.95300000,2.94800000,2.94900000,1948.60000000,1629820499999,5748.05930000,29,791.90000000,2336.38870000,0
1629820500000,2.94900000,2.95100000,2.94100000,2.94800000,6813.80000000,1629820559999,20064.98800000,68,938.80000000,2767.50850000,0
1629820560000,2.94800000,2.94800000,2.93400000,2.94200000,16203.00000000,1629820619999,47645.13750000,130,2571.90000000,7571.02580000,0
1629820620000,2.93900000,2.94500000,2.93100000,2.93100000,5998.40000000,1629820679999,17622.69490000,69,3396.60000000,9983.31600000,0
1629820680000,2.93800000,2.94000000,2.93100000,2.93600000,5935.10000000,1629820739999,17437.79650000,32,4075.20000000,11978.91940000,0
1629820740000,2.93900000,2.94800000,2.93200000,2.94700000,5343.40000000,1629820799999,15706.35810000,45,3779.60000000,11111.79950000,0
1629820800000,2.94600000,2.95500000,2.94400000,2.95500000,11409.90000000,1629820859999,33680.40350000,51,10021.40000000,29587.28850000,0
1629820860000,2.95600000,2.98400000,2.95600000,2.98400000,14900.30000000,1629820919999,44151.98610000,127,12461.90000000,36928.25680000,0
1629820920000,2.97600000,2.97900000,2.97000000,2.97000000,4537.80000000,1629820979999,13498.48250000,50,1357.70000000,4041.33550000,0
1629820980000,2.97300000,3.01000000,2.97100000,2.98300000,13757.50000000,1629821039999,41128.97050000,113,12135.80000000,36283.94840000,0
1629821040000,2.98500000,3.01700000,2.98300000,3.01200000,19111.40000000,1629821099999,57498.36820000,102,13184.10000000,39746.80350000,0
1629821100000,3.01200000,3.04100000,3.01200000,3.03400000,23499.30000000,1629821159999,71112.30460000,171,13303.80000000,40263.40730000,0
1629821160000,3.02900000,3.04000000,3.00900000,3.00900000,16348.90000000,1629821219999,49545.53460000,105,4927.50000000,14944.85590000,0
1629821220000,3.02300000,3.02300000,2.99500000,2.99600000,4837.50000000,1629821279999,14574.46970000,63,887.00000000,2674.16000000,0
1629821280000,2.99600000,3.00000000,2.99200000,2.99600000,2273.10000000,1629821339999,6808.12780000,30,753.70000000,2258.16580000,0
1629821340000,2.99300000,3.00700000,2.98700000,2.99200000,5599.70000000,1629821399999,16791.37120000,62,3523.80000000,10573.56650000,0
1629821400000,2.98800000,2.99200000,2.98700000,2.99000000,1356.60000000,1629821459999,4055.26640000,18,723.00000000,2161.75350000,0
1629821460000,2.98900000,2.99500000,2.98500000,2.98700000,3228.70000000,1629821519999,9652.38870000,30,1181.20000000,3532.70500000,0
1629821520000,2.98700000,2.99800000,2.98500000,2.99800000,3148.50000000,1629821579999,9418.67420000,41,2854.90000000,8541.34970000,0
1629821580000,2.99700000,3.00400000,2.99500000,3.00200000,2444.40000000,1629821639999,7335.63280000,22,1432.40000000,4298.97060000,0
1629821640000,3.00400000,3.00700000,3.00300000,3.00400000,5712.60000000,1629821699999,17159.25480000,23,514.70000000,1546.23860000,0
1629821700000,3.00400000,3.00400000,2.96100000,2.97200000,25588.10000000,1629821759999,76301.99360000,144,4025.90000000,12001.83070000,0
1629821760000,2.97000000,2.97000000,2.94100000,2.94200000,14022.60000000,1629821819999,41337.74290000,130,6822.60000000,20131.50870000,0
1629821820000,2.94200000,2.94800000,2.94000000,2.94600000,10742.30000000,1629821879999,31633.62460000,89,6096.70000000,17963.99770000,0
1629821880000,2.94600000,2.95500000,2.94000000,2.94400000,11239.10000000,1629821939999,33090.52010000,74,4722.40000000,13911.36560000,0
1629821940000,2.94800000,2.94800000,2.94000000,2.94400000,4362.80000000,1629821999999,12838.41490000,44,1332.00000000,3923.58710000,0
1629822000000,2.94400000,2.94500000,2.93800000,2.94000000,6258.00000000,1629822059999,18412.76430000,47,1903.70000000,5604.16360000,0
1629822060000,2.93800000,2.94300000,2.92400000,2.93000000,17455.70000000,1629822119999,51128.81080000,123,1859.30000000,5460.22140000,0
1629822120000,2.93000000,2.94400000,2.92700000,2.93900000,14817.60000000,1629822179999,43516.61490000,102,9018.00000000,26479.64350000,0
1629822180000,2.93800000,2.94900000,2.93600000,2.94900000,7178.00000000,1629822239999,21100.99630000,41,6135.90000000,18036.83870000,0
1629822240000,2.94600000,2.96500000,2.94500000,2.96500000,5149.90000000,1629822299999,15210.65820000,89,2348.90000000,6942.33280000,0
1629822300000,2.96000000,2.97200000,2.95900000,2.97200000,4172.50000000,1629822359999,12364.62000000,38,2267.20000000,6719.62360000,0
1629822360000,2.97200000,2.98600000,2.97200000,2.97400000,10790.50000000,1629822419999,32131.89900000,93,1879.80000000,5599.54210000,0
1629822420000,2.97300000,2.98300000,2.96600000,2.98200000,7860.00000000,1629822479999,23402.30200000,70,2757.50000000,8215.36970000,0
1629822480000,2.98200000,2.99200000,2.98200000,2.99000000,4767.60000000,1629822539999,14233.24580000,64,490.60000000,1466.24300000,0
1629822540000,2.99000000,2.99100000,2.98700000,2.98800000,3364.90000000,1629822599999,10056.39420000,35,380.70000000,1138.58920000,0
1629822600000,2.98700000,2.98900000,2.97300000,2.98400000,12403.20000000,1629822659999,36996.09110000,134,3162.20000000,9428.46550000,0
1629822660000,2.98300000,2.98500000,2.98000000,2.98400000,1321.10000000,1629822719999,3939.80840000,21,596.10000000,1778.72290000,0
1629822720000,2.98300000,2.98300000,2.97700000,2.97700000,2026.30000000,1629822779999,6040.42860000,26,451.20000000,1345.83280000,0
1629822780000,2.97700000,2.98500000,2.97000000,2.98300000,6936.30000000,1629822839999,20662.26390000,67,4216.50000000,12566.40930000,0
1629822840000,2.98100000,2.99000000,2.98100000,2.98700000,4816.60000000,1629822899999,14382.13130000,29,2793.20000000,8336.93970000,0
1629822900000,2.98700000,2.99000000,2.98200000,2.98200000,1738.90000000,1629822959999,5190.47750000,18,16.60000000,49.63400000,0
1629822960000,2.98900000,2.98900000,2.98400000,2.98400000,196.20000000,1629823019999,586.22800000,9,115.30000000,344.63170000,0
1629823020000,2.99000000,2.99000000,2.98400000,2.98500000,2975.20000000,1629823079999,8885.10310000,28,1400.80000000,4185.92300000,0
1629823080000,2.98800000,2.99100000,2.98800000,2.99100000,1125.10000000,1629823139999,3362.79500000,14,551.50000000,1648.29860000,0
1629823140000,2.99100000,2.99400000,2.98600000,2.99400000,2774.00000000,1629823199999,8293.71030000,33,294.40000000,880.99460000,0
1629823200000,2.98900000,2.99500000,2.97800000,2.97800000,7448.20000000,1629823259999,22273.53280000,59,2136.90000000,6385.55400000,0
1629823260000,2.97800000,2.98000000,2.97700000,2.97900000,570.00000000,1629823319999,1697.51750000,16,53.80000000,160.32040000,0
1629823320000,2.97700000,2.97900000,2.97100000,2.97100000,2625.20000000,1629823379999,7810.35270000,48,354.10000000,1052.82140000,0
1629823380000,2.97300000,2.97300000,2.95700000,2.95900000,10870.00000000,1629823439999,32204.05180000,69,5649.80000000,16711.70660000,0
1629823440000,2.95800000,2.96200000,2.95500000,2.95500000,3343.40000000,1629823499999,9887.27440000,48,1319.90000000,3904.94320000,0
1629823500000,2.95500000,2.95900000,2.95500000,2.95900000,1171.80000000,1629823559999,3462.84780000,8,39.00000000,115.40100000,0
1629823560000,2.95900000,2.96500000,2.95000000,2.95000000,6739.30000000,1629823619999,19924.69090000,37,2658.30000000,7866.96410000,0
1629823620000,2.95000000,2.95300000,2.94300000,2.94300000,2220.70000000,1629823679999,6548.56140000,32,607.00000000,1792.03960000,0
1629823680000,2.94300000,2.94600000,2.93400000,2.93500000,4521.00000000,1629823739999,13292.08770000,51,826.70000000,2428.71210000,0
1629823740000,2.93400000,2.93500000,2.93000000,2.93400000,3348.60000000,1629823799999,9813.96620000,34,575.90000000,1688.40340000,0
1629823800000,2.93100000,2.93300000,2.92700000,2.93300000,443.50000000,1629823859999,1299.92950000,17,184.80000000,541.98000000,0
1629823860000,2.93200000,2.93200000,2.92300000,2.92300000,3532.30000000,1629823919999,10339.54720000,49,707.30000000,2072.05580000,0
1629823920000,2.92400000,2.94900000,2.92300000,2.94900000,8340.40000000,1629823979999,24485.76570000,119,7203.50000000,21144.66450000,0
1629823980000,2.94800000,2.95000000,2.94300000,2.95000000,4537.80000000,1629824039999,13381.73790000,28,4236.30000000,12493.66840000,0
1629824040000,2.95000000,2.96400000,2.94700000,2.96400000,10950.70000000,1629824099999,32296.86200000,57,5857.00000000,17278.31400000,0
1629824100000,2.95700000,2.95700000,2.94100000,2.94400000,5005.00000000,1629824159999,14758.56800000,83,493.30000000,1455.51530000,0
1629824160000,2.94200000,2.94800000,2.94100000,2.94800000,342.10000000,1629824219999,1006.55670000,13,131.10000000,385.97870000,0
1629824220000,2.94900000,2.94900000,2.94400000,2.94900000,2934.90000000,1629824279999,8642.94130000,19,176.30000000,519.89520000,0
1629824280000,2.94700000,2.94700000,2.94100000,2.94100000,3098.50000000,1629824339999,9124.47630000,39,141.00000000,414.72150000,0
1629824340000,2.94100000,2.94600000,2.94000000,2.94100000,2429.80000000,1629824399999,7146.05840000,27,1780.30000000,5235.93180000,0
1629824400000,2.94100000,2.94100000,2.92700000,2.92900000,7439.40000000,1629824459999,21844.67230000,58,1913.90000000,5623.84690000,0
1629824460000,2.92900000,2.93900000,2.92900000,2.93500000,2845.80000000,1629824519999,8350.01340000,18,1463.00000000,4293.48650000,0
1629824520000,2.93700000,2.94000000,2.93500000,2.94000000,1980.30000000,1629824579999,5820.53980000,17,1748.10000000,5138.87160000,0
1629824580000,2.94000000,2.96500000,2.93600000,2.96000000,44345.20000000,1629824639999,130540.96470000,91,42134.20000000,124014.35790000,0
1629824640000,2.96100000,2.96800000,2.95100000,2.96600000,4446.50000000,1629824699999,13158.09360000,49,1477.80000000,4378.50190000,0
1629824700000,2.96700000,2.97400000,2.96400000,2.96900000,1326.20000000,1629824759999,3937.11710000,25,640.80000000,1903.45320000,0
1629824760000,2.96900000,2.97300000,2.96800000,2.97000000,1121.60000000,1629824819999,3330.23690000,18,191.70000000,569.42030000,0
1629824820000,2.96800000,2.97200000,2.96700000,2.97200000,2193.90000000,1629824879999,6513.05310000,20,269.80000000,801.69430000,0
1629824880000,2.97200000,2.97900000,2.96900000,2.97400000,3751.40000000,1629824939999,11159.09060000,49,2621.90000000,7801.56550000,0
1629824940000,2.97800000,2.98400000,2.97400000,2.97600000,1276.40000000,1629824999999,3801.97720000,22,932.00000000,2777.24860000,0
1629825000000,2.97600000,2.98000000,2.95800000,2.95800000,3930.70000000,1629825059999,11674.41460000,47,214.10000000,637.45220000,0
1629825060000,2.95800000,2.96600000,2.95400000,2.96000000,3981.10000000,1629825119999,11773.97140000,30,2769.30000000,8192.27780000,0
1629825120000,2.96300000,2.96800000,2.95500000,2.96400000,667.40000000,1629825179999,1975.89570000,19,376.20000000,1113.62850000,0
1629825180000,2.96800000,2.97800000,2.96800000,2.97300000,1509.30000000,1629825239999,4487.12330000,30,1346.60000000,4003.41030000,0
1629825240000,2.97400000,2.97600000,2.96500000,2.97500000,2083.30000000,1629825299999,6187.73270000,35,1024.80000000,3045.46240000,0
1629825300000,2.97600000,2.97600000,2.96100000,2.96100000,4368.90000000,1629825359999,12960.63440000,19,2836.80000000,8415.23660000,0
1629825360000,2.96100000,2.96800000,2.95600000,2.95600000,3702.50000000,1629825419999,10975.88780000,33,880.70000000,2612.44030000,0
1629825420000,2.96000000,2.96300000,2.95500000,2.96300000,291.20000000,1629825479999,861.29960000,16,72.40000000,214.35580000,0
1629825480000,2.96500000,2.96800000,2.96200000,2.96500000,1132.80000000,1629825539999,3359.76370000,25,442.30000000,1312.39400000,0
1629825540000,2.96900000,2.97900000,2.96400000,2.96900000,4110.20000000,1629825599999,12225.76010000,64,1781.60000000,5300.11830000,0
1629825600000,2.98000000,2.99300000,2.97200000,2.98800000,3867.20000000,1629825659999,11528.06890000,62,2426.50000000,7238.43730000,0
1629825660000,2.98500000,2.99100000,2.98300000,2.98600000,1744.70000000,1629825719999,5212.36150000,36,534.00000000,1596.05350000,0
1629825720000,2.98400000,2.99000000,2.98400000,2.98400000,1670.00000000,1629825779999,4989.69680000,38,1031.70000000,3084.25460000,0
1629825780000,2.98700000,2.98900000,2.98400000,2.98500000,1006.00000000,1629825839999,3004.14870000,19,568.90000000,1699.19010000,0
1629825840000,2.98600000,2.99000000,2.98600000,2.99000000,1882.40000000,1629825899999,5624.70620000,13,1334.60000000,3988.11240000,0
1629825900000,2.98800000,2.99000000,2.98700000,2.98700000,444.80000000,1629825959999,1329.07760000,9,5.00000000,14.94000000,0
1629825960000,2.98700000,2.99000000,2.98600000,2.99000000,173.30000000,1629826019999,517.55850000,9,6.80000000,20.33200000,0
1629826020000,2.99000000,2.99000000,2.98800000,2.98800000,478.70000000,1629826079999,1430.58080000,7,112.60000000,336.67400000,0
1629826080000,2.98800000,2.99300000,2.98800000,2.99100000,1828.30000000,1629826139999,5468.17000000,18,1473.20000000,4406.12830000,0
1629826140000,2.99000000,2.99000000,2.98900000,2.98900000,2304.00000000,1629826199999,6887.45790000,16,848.10000000,2534.97090000,0
1629826200000,2.98900000,2.99100000,2.98400000,2.98400000,5013.40000000,1629826259999,14978.67790000,60,605.40000000,1809.52040000,0
1629826260000,2.98800000,2.98800000,2.96000000,2.96600000,7891.80000000,1629826319999,23468.17520000,96,1741.30000000,5157.92880000,0
1629826320000,2.97300000,2.97300000,2.95400000,2.96000000,7475.20000000,1629826379999,22144.59140000,76,3253.00000000,9648.39670000,0
1629826380000,2.96000000,2.96700000,2.95500000,2.95600000,4531.80000000,1629826439999,13404.41270000,40,3228.40000000,9548.19420000,0
1629826440000,2.95600000,2.95600000,2.95000000,2.95600000,5661.90000000,1629826499999,16724.91290000,56,2270.10000000,6709.38370000,0
1629826500000,2.95500000,2.95600000,2.94600000,2.95500000,1859.40000000,1629826559999,5488.72120000,41,835.40000000,2467.98960000,0
1629826560000,2.95500000,2.95600000,2.95300000,2.95600000,546.10000000,1629826619999,1613.70500000,11,427.50000000,1263.47920000,0
1629826620000,2.95600000,2.95600000,2.94800000,2.95500000,1493.40000000,1629826679999,4409.15040000,27,381.60000000,1127.71100000,0
1629826680000,2.95500000,2.95500000,2.95000000,2.95100000,742.60000000,1629826739999,2191.62890000,13,63.40000000,187.31800000,0
1629826740000,2.95100000,2.96100000,2.95100000,2.95900000,6324.50000000,1629826799999,18684.23110000,35,6253.80000000,18475.18110000,0
1629826800000,2.96000000,2.96000000,2.95200000,2.95600000,7466.30000000,1629826859999,22082.94280000,56,5156.50000000,15259.34480000,0
1629826860000,2.95600000,2.96000000,2.95500000,2.95900000,736.60000000,1629826919999,2178.64250000,10,366.20000000,1083.77490000,0
1629826920000,2.95800000,2.96400000,2.94300000,2.95400000,10867.90000000,1629826979999,32069.77160000,64,2028.20000000,5994.40530000,0
1629826980000,2.95600000,2.95600000,2.95000000,2.95100000,1692.70000000,1629827039999,4999.37200000,18,150.80000000,445.56180000,0
1629827040000,2.95100000,2.95400000,2.94900000,2.95000000,869.20000000,1629827099999,2564.69280000,14,608.10000000,1794.38420000,0
1629827100000,2.95000000,2.95900000,2.95000000,2.95400000,3889.60000000,1629827159999,11493.98470000,41,2013.20000000,5950.03620000,0
1629827160000,2.95300000,2.95400000,2.94800000,2.95200000,532.40000000,1629827219999,1570.18050000,11,119.40000000,352.52620000,0
1629827220000,2.94900000,2.95500000,2.94800000,2.94900000,4124.90000000,1629827279999,12173.19720000,35,2982.50000000,8804.25290000,0
1629827280000,2.95100000,2.95800000,2.94500000,2.94900000,3501.50000000,1629827339999,10326.27910000,40,1059.00000000,3123.85760000,0
1629827340000,2.94900000,2.95400000,2.94800000,2.95400000,2727.40000000,1629827399999,8051.89780000,25,2126.20000000,6278.16010000,0
1629827400000,2.95300000,2.95400000,2.95000000,2.95000000,1831.00000000,1629827459999,5403.88940000,12,353.70000000,1044.49130000,0
1629827460000,2.95400000,2.95900000,2.95200000,2.95800000,2050.60000000,1629827519999,6057.93980000,31,423.00000000,1250.44730000,0
1629827520000,2.96000000,2.96100000,2.95100000,2.95400000,2805.90000000,1629827579999,8288.97840000,22,2239.70000000,6616.84770000,0
1629827580000,2.95100000,2.96000000,2.95100000,2.95500000,1035.20000000,1629827639999,3058.87970000,12,872.70000000,2579.13640000,0
1629827640000,2.95100000,2.95400000,2.94000000,2.94500000,5169.80000000,1629827699999,15238.48970000,51,1417.90000000,4183.27050000,0
1629827700000,2.94100000,2.94500000,2.93400000,2.93600000,3046.60000000,1629827759999,8957.01190000,41,1261.80000000,3712.77530000,0
1629827760000,2.93700000,2.94800000,2.93200000,2.94800000,2765.30000000,1629827819999,8123.03600000,16,2344.30000000,6883.89160000,0
1629827820000,2.94800000,2.95000000,2.94400000,2.95000000,1459.90000000,1629827879999,4304.97880000,30,465.60000000,1373.00030000,0
1629827880000,2.94600000,2.95300000,2.94300000,2.94400000,1364.80000000,1629827939999,4024.80080000,24,1001.30000000,2954.07630000,0
1629827940000,2.94400000,2.94700000,2.93300000,2.93500000,1868.00000000,1629827999999,5488.07020000,35,1066.10000000,3131.89260000,0
1629828000000,2.93600000,2.94300000,2.93500000,2.93800000,3674.20000000,1629828059999,10795.93750000,31,1354.40000000,3982.96990000,0
1629828060000,2.93600000,2.94900000,2.93600000,2.94500000,2700.20000000,1629828119999,7946.55040000,29,1308.00000000,3850.93750000,0
1629828120000,2.94500000,2.94900000,2.94100000,2.94500000,1575.10000000,1629828179999,4634.97050000,25,154.00000000,453.67480000,0
1629828180000,2.94600000,2.94600000,2.93300000,2.93300000,2918.40000000,1629828239999,8583.29760000,36,577.50000000,1699.59960000,0
1629828240000,2.93800000,2.93800000,2.93300000,2.93700000,308.50000000,1629828299999,905.54780000,7,208.20000000,611.29980000,0
1629828300000,2.93700000,2.94000000,2.93400000,2.94000000,3052.50000000,1629828359999,8968.52530000,32,2455.60000000,7215.82240000,0
1629828360000,2.94400000,2.94800000,2.94100000,2.94500000,805.40000000,1629828419999,2371.72290000,16,513.70000000,1513.11080000,0
1629828420000,2.94100000,2.95800000,2.94100000,2.94800000,4058.20000000,1629828479999,11965.43380000,54,2805.00000000,8277.16030000,0
1629828480000,2.95000000,2.95000000,2.94700000,2.94900000,1673.60000000,1629828539999,4936.33890000,14,1550.50000000,4573.51910000,0
1629828540000,2.95000000,2.95700000,2.94900000,2.95400000,2414.70000000,1629828599999,7126.96040000,42,1365.70000000,4030.59770000,0
1629828600000,2.95400000,2.95800000,2.95300000,2.95800000,864.50000000,1629828659999,2556.16700000,10,51.30000000,151.69380000,0
1629828660000,2.95500000,2.95700000,2.94700000,2.94700000,6060.30000000,1629828719999,17898.64310000,23,453.60000000,1340.24710000,0
1629828720000,2.94100000,2.94100000,2.93300000,2.93300000,203.80000000,1629828779999,598.60920000,15,15.90000000,46.75390000,0
1629828780000,2.93600000,2.93800000,2.93600000,2.93800000,204.40000000,1629828839999,600.41460000,7,186.50000000,547.86020000,0
1629828840000,2.93600000,2.94600000,2.93600000,2.94400000,1200.50000000,1629828899999,3530.86280000,15,612.10000000,1798.85020000,0
1629828900000,2.94000000,2.94300000,2.93900000,2.94300000,546.00000000,1629828959999,1606.09700000,24,170.00000000,500.31000000,0
1629828960000,2.94300000,2.95900000,2.94300000,2.95900000,5142.30000000,1629829019999,15170.57370000,49,4109.50000000,12126.25980000,0
1629829020000,2.95500000,2.95900000,2.95400000,2.95400000,3114.30000000,1629829079999,9207.31310000,26,1510.50000000,4468.38820000,0
1629829080000,2.95800000,2.95900000,2.95000000,2.95800000,12368.40000000,1629829139999,36570.78720000,48,9984.50000000,29531.09010000,0
1629829140000,2.95700000,2.95800000,2.95300000,2.95500000,3747.90000000,1629829199999,11080.00550000,15,2482.60000000,7342.79540000,0
1629829200000,2.95500000,2.95700000,2.95200000,2.95200000,1162.40000000,1629829259999,3433.91010000,14,209.50000000,619.49150000,0
1629829260000,2.95600000,2.95700000,2.95200000,2.95700000,3116.40000000,1629829319999,9204.04850000,20,2047.00000000,6046.97510000,0
1629829320000,2.95300000,2.95700000,2.95300000,2.95600000,564.40000000,1629829379999,1668.13830000,10,213.00000000,629.80010000,0
1629829380000,2.95300000,2.95500000,2.95100000,2.95500000,2396.90000000,1629829439999,7076.72180000,17,565.90000000,1671.02660000,0
1629829440000,2.95200000,2.95700000,2.95100000,2.95300000,1343.40000000,1629829499999,3966.75800000,23,382.80000000,1131.10490000,0
1629829500000,2.95200000,2.95300000,2.95000000,2.95000000,624.40000000,1629829559999,1843.11360000,14,36.40000000,107.48920000,0
1629829560000,2.95300000,2.95300000,2.94700000,2.95000000,765.20000000,1629829619999,2256.76600000,24,219.10000000,646.39400000,0
1629829620000,2.95000000,2.95000000,2.94000000,2.94300000,3896.60000000,1629829679999,11463.97070000,34,90.50000000,266.84270000,0
1629829680000,2.93900000,2.94100000,2.93700000,2.93800000,339.50000000,1629829739999,997.68420000,16,36.30000000,106.75830000,0
1629829740000,2.93800000,2.94100000,2.93600000,2.93600000,316.80000000,1629829799999,930.38590000,17,44.30000000,130.16080000,0
1629829800000,2.93400000,2.93700000,2.93000000,2.93400000,1767.60000000,1629829859999,5183.06770000,38,433.30000000,1271.13300000,0
1629829860000,2.93100000,2.93200000,2.92900000,2.93000000,851.20000000,1629829919999,2494.00620000,19,290.20000000,850.28600000,0
1629829920000,2.92800000,2.92800000,2.92600000,2.92800000,716.60000000,1629829979999,2097.98080000,18,463.10000000,1355.95680000,0
1629829980000,2.92600000,2.93000000,2.92500000,2.92600000,1387.20000000,1629830039999,4059.50680000,21,592.10000000,1733.71860000,0
1629830040000,2.92900000,2.93000000,2.92800000,2.92800000,538.10000000,1629830099999,1576.13870000,7,301.70000000,883.95950000,0
1629830100000,2.92800000,2.93000000,2.92700000,2.93000000,4932.50000000,1629830159999,14449.43240000,60,3084.90000000,9038.75700000,0
1629830160000,2.92900000,2.93000000,2.91900000,2.92500000,12520.10000000,1629830219999,36599.95330000,84,2859.60000000,8377.06820000,0
1629830220000,2.92200000,2.92600000,2.92100000,2.92400000,3134.40000000,1629830279999,9167.26590000,15,2374.10000000,6944.24250000,0
1629830280000,2.92600000,2.92900000,2.92000000,2.92600000,2364.30000000,1629830339999,6916.74030000,40,1015.80000000,2972.21960000,0
1629830340000,2.92300000,2.92900000,2.92300000,2.92900000,1164.10000000,1629830399999,3408.26770000,29,965.80000000,2828.37660000,0
1629830400000,2.92900000,2.92900000,2.92600000,2.92600000,570.20000000,1629830459999,1669.70490000,18,377.80000000,1106.40310000,0
1629830460000,2.92600000,2.92800000,2.92300000,2.92800000,1395.30000000,1629830519999,4081.30480000,25,381.70000000,1117.61760000,0
1629830520000,2.92500000,2.92800000,2.92500000,2.92800000,621.40000000,1629830579999,1819.24260000,10,510.40000000,1494.45120000,0
1629830580000,2.92800000,2.92900000,2.92500000,2.92700000,347.20000000,1629830639999,1016.50910000,12,224.50000000,657.45810000,0
1629830640000,2.92700000,2.92900000,2.92500000,2.92700000,382.80000000,1629830699999,1121.06600000,8,311.10000000,911.21190000,0
1629830700000,2.92700000,2.92900000,2.92500000,2.92500000,1205.50000000,1629830759999,3527.36830000,17,24.00000000,70.29600000,0
1629830760000,2.92500000,2.92500000,2.91900000,2.92300000,4800.70000000,1629830819999,14030.43860000,46,376.00000000,1098.55060000,0
1629830820000,2.92000000,2.92700000,2.91800000,2.92700000,3927.20000000,1629830879999,11474.46770000,30,2977.60000000,8702.48070000,0
1629830880000,2.91900000,2.91900000,2.91500000,2.91900000,2073.30000000,1629830939999,6048.77540000,29,1161.70000000,3388.95270000,0
1629830940000,2.91700000,2.91900000,2.90500000,2.91400000,12319.70000000,1629830999999,35819.51660000,79,167.40000000,487.89950000,0
1629831000000,2.91600000,2.91600000,2.90700000,2.91000000,1444.80000000,1629831059999,4204.90150000,30,483.20000000,1406.56830000,0
1629831060000,2.91000000,2.91400000,2.90000000,2.90100000,32545.90000000,1629831119999,94446.18220000,225,1617.40000000,4706.82310000,0
1629831120000,2.90800000,2.90900000,2.88800000,2.90200000,29411.90000000,1629831179999,85153.28610000,181,4082.50000000,11835.84940000,0
1629831180000,2.90200000,2.90400000,2.89100000,2.90000000,3487.20000000,1629831239999,10112.29390000,58,1820.90000000,5281.11410000,0
1629831240000,2.90000000,2.91200000,2.89800000,2.90600000,6409.00000000,1629831299999,18598.59290000,61,3975.60000000,11539.19640000,0
1629831300000,2.90900000,2.91100000,2.90000000,2.91000000,3122.00000000,1629831359999,9072.34580000,28,419.90000000,1221.91130000,0
1629831360000,2.91000000,2.91000000,2.90500000,2.90700000,665.50000000,1629831419999,1935.03690000,13,517.60000000,1505.12040000,0
1629831420000,2.90700000,2.90700000,2.90100000,2.90400000,2129.60000000,1629831479999,6183.42810000,27,657.00000000,1909.89900000,0
1629831480000,2.90300000,2.91200000,2.90300000,2.91000000,1547.80000000,1629831539999,4502.47540000,18,1013.60000000,2948.84230000,0
1629831540000,2.91000000,2.91000000,2.90800000,2.91000000,546.40000000,1629831599999,1589.80460000,9,436.70000000,1270.79700000,0
1629831600000,2.91000000,2.91500000,2.90900000,2.91400000,800.90000000,1629831659999,2332.04210000,17,756.40000000,2202.47550000,0
1629831660000,2.91500000,2.91600000,2.91000000,2.91200000,3256.60000000,1629831719999,9487.56520000,28,900.20000000,2621.76740000,0
1629831720000,2.91100000,2.91500000,2.91000000,2.91400000,1130.20000000,1629831779999,3291.19350000,10,582.00000000,1695.41640000,0
1629831780000,2.91400000,2.92400000,2.91400000,2.92200000,2569.90000000,1629831839999,7501.74400000,27,2517.60000000,7349.18490000,0
1629831840000,2.92300000,2.94000000,2.92300000,2.93600000,19922.40000000,1629831899999,58385.36170000,131,18414.00000000,53966.54380000,0
1629831900000,2.93800000,2.93900000,2.93200000,2.93700000,2689.30000000,1629831959999,7897.31530000,33,1403.00000000,4122.04870000,0
1629831960000,2.93700000,2.94100000,2.93500000,2.94100000,2231.40000000,1629832019999,6554.24400000,22,1299.90000000,3819.46430000,0
1629832020000,2.93900000,2.94900000,2.93600000,2.94600000,6816.70000000,1629832079999,20053.15870000,62,3347.30000000,9851.61220000,0
1629832080000,2.94900000,2.95700000,2.93600000,2.95400000,20764.10000000,1629832139999,61245.88590000,99,9813.30000000,28948.47360000,0
1629832140000,2.95400000,2.95600000,2.95000000,2.95600000,1090.40000000,1629832199999,3220.39950000,13,52.60000000,155.48560000,0
1629832200000,2.95700000,2.95800000,2.95600000,2.95800000,387.00000000,1629832259999,1144.36130000,8,354.90000000,1049.45580000,0
1629832260000,2.95800000,2.96000000,2.95800000,2.95900000,915.70000000,1629832319999,2708.97030000,14,640.50000000,1894.92380000,0
1629832320000,2.95900000,2.95900000,2.95800000,2.95900000,1224.60000000,1629832379999,3622.54850000,17,152.90000000,452.43110000,0
1629832380000,2.95800000,2.95900000,2.95800000,2.95900000,2401.00000000,1629832439999,7102.37820000,29,191.60000000,566.94440000,0
1629832440000,2.95800000,2.95900000,2.95800000,2.95900000,406.50000000,1629832499999,1202.53200000,5,105.00000000,310.69500000,0
1629832500000,2.95900000,2.95900000,2.95900000,2.95900000,1144.70000000,1629832559999,3387.16730000,12,281.80000000,833.84620000,0
1629832560000,2.96000000,2.96000000,2.95300000,2.95400000,2261.10000000,1629832619999,6685.58650000,24,608.70000000,1799.54700000,0
1629832620000,2.95500000,2.95600000,2.95300000,2.95400000,1334.70000000,1629832679999,3943.38550000,22,591.50000000,1748.36980000,0
1629832680000,2.95400000,2.95500000,2.95400000,2.95400000,1786.50000000,1629832739999,5277.57100000,19,250.00000000,738.75000000,0
1629832740000,2.95400000,2.95500000,2.95200000,2.95300000,6653.10000000,1629832799999,19654.83290000,26,1987.70000000,5872.77920000,0
1629832800000,2.95500000,2.95600000,2.95200000,2.95400000,543.20000000,1629832859999,1604.36300000,8,212.90000000,629.23210000,0
1629832860000,2.95200000,2.95400000,2.95200000,2.95200000,147.90000000,1629832919999,436.79500000,7,109.00000000,321.96220000,0
1629832920000,2.95200000,2.95300000,2.95000000,2.95000000,4136.40000000,1629832979999,12204.27330000,14,40.10000000,118.41530000,0
1629832980000,2.95000000,2.95200000,2.95000000,2.95000000,793.10000000,1629833039999,2340.01760000,7,186.30000000,549.95760000,0
1629833040000,2.95100000,2.95400000,2.92900000,2.93000000,17708.40000000,1629833099999,52227.49360000,65,459.10000000,1347.15370000,0
1629833100000,2.92900000,2.93000000,2.91000000,2.91000000,4292.40000000,1629833159999,12528.55830000,74,541.30000000,1584.61300000,0
1629833160000,2.90800000,2.91500000,2.90300000,2.91200000,5757.50000000,1629833219999,16763.83380000,53,4409.70000000,12840.28950000,0
1629833220000,2.91400000,2.91700000,2.91000000,2.91000000,5405.60000000,1629833279999,15748.08000000,26,1732.40000000,5045.84790000,0
1629833280000,2.91200000,2.91700000,2.90900000,2.91100000,2898.20000000,1629833339999,8435.79120000,28,384.00000000,1117.96500000,0
1629833340000,2.91400000,2.91600000,2.91000000,2.91500000,877.00000000,1629833399999,2555.36470000,10,689.00000000,2008.19530000,0
1629833400000,2.91500000,2.92700000,2.91200000,2.92700000,2580.30000000,1629833459999,7531.27180000,44,2179.80000000,6362.13490000,0
1629833460000,2.92800000,2.93200000,2.92800000,2.93200000,409.90000000,1629833519999,1200.94190000,14,195.90000000,573.99040000,0
1629833520000,2.93300000,2.94000000,2.93200000,2.93700000,497.90000000,1629833579999,1461.90040000,21,471.90000000,1385.60960000,0
1629833580000,2.93800000,2.94500000,2.93800000,2.94500000,304.10000000,1629833639999,895.09920000,18,107.70000000,317.06640000,0
1629833640000,2.94600000,2.95400000,2.94500000,2.95000000,1340.60000000,1629833699999,3957.71000000,34,1030.90000000,3044.23060000,0
1629833700000,2.95300000,2.95600000,2.94800000,2.95300000,2870.40000000,1629833759999,8471.91910000,55,1056.20000000,3119.06060000,0
1629833760000,2.95300000,2.95500000,2.95200000,2.95200000,779.20000000,1629833819999,2301.19540000,10,264.10000000,780.36290000,0
1629833820000,2.95200000,2.95300000,2.94800000,2.94800000,615.00000000,1629833879999,1814.45170000,14,82.30000000,243.00190000,0
1629833880000,2.94800000,2.94800000,2.93800000,2.93800000,2029.40000000,1629833939999,5981.37560000,11,1705.50000000,5027.56200000,0
1629833940000,2.93700000,2.93700000,2.93300000,2.93500000,470.70000000,1629833999999,1381.60850000,11,360.10000000,1057.13130000,0
1629834000000,2.93300000,2.93900000,2.93300000,2.93900000,917.80000000,1629834059999,2695.92930000,10,865.70000000,2543.12000000,0
1629834060000,2.93700000,2.93700000,2.93400000,2.93600000,384.30000000,1629834119999,1127.99400000,11,145.50000000,427.29000000,0
1629834120000,2.93400000,2.93800000,2.93100000,2.93700000,1172.50000000,1629834179999,3440.28720000,40,357.90000000,1050.92020000,0
1629834180000,2.93200000,2.93200000,2.92800000,2.93100000,1269.60000000,1629834239999,3720.73690000,22,170.30000000,499.14930000,0
1629834240000,2.92800000,2.93200000,2.92500000,2.92500000,1513.00000000,1629834299999,4426.98870000,37,43.00000000,125.93120000,0
1629834300000,2.92500000,2.94100000,2.92500000,2.94100000,5471.70000000,1629834359999,16066.27640000,46,4749.90000000,13950.91850000,0
1629834360000,2.94000000,2.95400000,2.93200000,2.94800000,4824.00000000,1629834419999,14220.52990000,48,2156.80000000,6351.47020000,0
1629834420000,2.95200000,2.95200000,2.94700000,2.94900000,325.40000000,1629834479999,959.55910000,6,75.30000000,222.23480000,0
1629834480000,2.94900000,2.95300000,2.93900000,2.94600000,3150.70000000,1629834539999,9282.17030000,23,758.80000000,2238.06270000,0
1629834540000,2.95000000,2.95200000,2.93900000,2.94000000,3428.70000000,1629834599999,10098.70120000,30,1699.70000000,5006.62930000,0
1629834600000,2.93900000,2.93900000,2.92600000,2.92900000,948.10000000,1629834659999,2777.74970000,29,466.50000000,1366.15400000,0
1629834660000,2.92900000,2.94300000,2.92900000,2.93500000,5674.50000000,1629834719999,16648.76400000,42,4499.50000000,13198.02520000,0
1629834720000,2.94000000,2.94100000,2.93100000,2.93200000,4631.90000000,1629834779999,13593.01610000,36,1760.30000000,5170.31270000,0
1629834780000,2.93300000,2.94000000,2.93000000,2.93700000,10899.20000000,1629834839999,31956.59310000,47,6694.80000000,19628.32480000,0
1629834840000,2.93300000,2.93600000,2.92800000,2.93400000,7870.00000000,1629834899999,23061.31780000,49,415.30000000,1218.78500000,0
1629834900000,2.93300000,2.93300000,2.92500000,2.93000000,6931.80000000,1629834959999,20283.67090000,42,221.90000000,650.41530000,0
1629834960000,2.93100000,2.93600000,2.92600000,2.93100000,5155.90000000,1629835019999,15116.46620000,43,3903.70000000,11450.47340000,0
1629835020000,2.92700000,2.94300000,2.92600000,2.93200000,4441.10000000,1629835079999,13036.59380000,28,3589.10000000,10541.27790000,0
1629835080000,2.93000000,2.93300000,2.92900000,2.92900000,324.60000000,1629835139999,951.20370000,12,51.00000000,149.58300000,0
1629835140000,2.93100000,2.93200000,2.92600000,2.92600000,838.10000000,1629835199999,2453.77450000,23,9.60000000,28.14100000,0
1629835200000,2.92600000,2.93000000,2.92600000,2.92600000,1216.20000000,1629835259999,3558.73670000,15,22.10000000,64.74380000,0
1629835260000,2.92900000,2.93000000,2.92600000,2.92700000,740.30000000,1629835319999,2167.92550000,13,367.90000000,1077.94700000,0
1629835320000,2.92700000,2.92700000,2.92100000,2.92100000,2129.10000000,1629835379999,6228.40890000,32,453.40000000,1326.99440000,0
1629835380000,2.92100000,2.92300000,2.92100000,2.92100000,302.00000000,1629835439999,882.20870000,13,13.30000000,38.87590000,0
1629835440000,2.92100000,2.92400000,2.91900000,2.91900000,848.40000000,1629835499999,2477.77790000,23,230.80000000,674.32040000,0
1629835500000,2.91900000,2.92100000,2.91000000,2.91400000,6157.20000000,1629835559999,17937.77870000,50,4531.40000000,13202.80020000,0
1629835560000,2.91000000,2.91400000,2.90900000,2.90900000,2502.80000000,1629835619999,7285.02520000,20,911.80000000,2656.26990000,0
1629835620000,2.90900000,2.91300000,2.90800000,2.90900000,1989.00000000,1629835679999,5787.29000000,21,572.30000000,1665.44750000,0
1629835680000,2.91300000,2.91500000,2.91200000,2.91200000,896.60000000,1629835739999,2611.75740000,9,755.30000000,2200.18890000,0
1629835740000,2.91400000,2.92200000,2.91400000,2.92100000,753.40000000,1629835799999,2200.10370000,10,229.80000000,671.29670000,0
1629835800000,2.91700000,2.91700000,2.91400000,2.91400000,1409.00000000,1629835859999,4106.89720000,9,6.80000000,19.83560000,0
1629835860000,2.91500000,2.91800000,2.91500000,2.91800000,456.40000000,1629835919999,1331.21670000,11,378.70000000,1104.70380000,0
1629835920000,2.91600000,2.92300000,2.91500000,2.92300000,1263.40000000,1629835979999,3688.17290000,17,1213.20000000,3541.81790000,0
1629835980000,2.92100000,2.93000000,2.92000000,2.93000000,1153.90000000,1629836039999,3375.59690000,25,561.40000000,1642.58880000,0
1629836040000,2.92800000,2.93500000,2.92800000,2.93400000,1607.30000000,1629836099999,4714.49370000,23,1112.00000000,3261.91060000,0
1629836100000,2.93400000,2.93700000,2.93300000,2.93700000,274.30000000,1629836159999,805.16530000,16,112.20000000,329.46160000,0
1629836160000,2.93500000,2.93800000,2.93500000,2.93800000,250.80000000,1629836219999,736.49780000,12,62.50000000,183.61690000,0
1629836220000,2.93800000,2.93900000,2.93600000,2.93800000,1875.50000000,1629836279999,5511.06400000,16,1114.40000000,3274.97170000,0
1629836280000,2.93800000,2.93900000,2.93600000,2.93600000,1105.80000000,1629836339999,3248.48200000,22,239.80000000,704.60820000,0
1629836340000,2.93600000,2.94200000,2.93500000,2.94200000,1365.50000000,1629836399999,4014.54840000,22,496.70000000,1460.07770000,0
1629836400000,2.94200000,2.94600000,2.94000000,2.94200000,2281.00000000,1629836459999,6713.48050000,30,1699.40000000,5002.16310000,0
1629836460000,2.94200000,2.94200000,2.94100000,2.94200000,179.20000000,1629836519999,527.10530000,4,0.00000000,0.00000000,0
1629836520000,2.94500000,2.94600000,2.94000000,2.94000000,736.20000000,1629836579999,2166.27470000,12,396.00000000,1165.43230000,0
1629836580000,2.94000000,2.95000000,2.94000000,2.94500000,3434.10000000,1629836639999,10116.79750000,22,3293.40000000,9702.51100000,0
1629836640000,2.94500000,2.94800000,2.94200000,2.94200000,2299.90000000,1629836699999,6770.16900000,44,2090.30000000,6153.02750000,0
1629836700000,2.94100000,2.95000000,2.94000000,2.94700000,7601.70000000,1629836759999,22390.76730000,84,5189.10000000,15292.26410000,0
1629836760000,2.94600000,2.95400000,2.94000000,2.95300000,4195.70000000,1629836819999,12369.54140000,44,1604.10000000,4734.58940000,0
1629836820000,2.94700000,2.95200000,2.94600000,2.95100000,1426.40000000,1629836879999,4207.59100000,25,802.50000000,2368.05890000,0
1629836880000,2.95100000,2.95200000,2.94600000,2.94600000,1234.10000000,1629836939999,3637.78800000,25,935.10000000,2756.74950000,0
1629836940000,2.94600000,2.95000000,2.94600000,2.94600000,3553.50000000,1629836999999,10475.28180000,40,2723.30000000,8027.22450000,0
1629837000000,2.94800000,2.95000000,2.94600000,2.95000000,1352.50000000,1629837059999,3986.42030000,34,954.70000000,2813.62760000,0
1629837060000,2.94900000,2.94900000,2.94200000,2.94200000,3407.40000000,1629837119999,10043.67150000,19,142.20000000,418.99500000,0
1629837120000,2.94400000,2.94800000,2.94400000,2.94800000,1213.90000000,1629837179999,3575.98000000,27,1141.60000000,3363.12880000,0
1629837180000,2.94500000,2.95000000,2.94300000,2.94700000,1167.10000000,1629837239999,3438.96860000,22,968.10000000,2853.12160000,0
1629837240000,2.94700000,2.94700000,2.94300000,2.94700000,298.80000000,1629837299999,879.98890000,10,244.80000000,721.06690000,0
1629837300000,2.94800000,2.94900000,2.94700000,2.94800000,234.30000000,1629837359999,690.76650000,11,220.80000000,650.98200000,0
1629837360000,2.94700000,2.95500000,2.94300000,2.95200000,3332.70000000,1629837419999,9826.97840000,24,2485.20000000,7330.61130000,0
1629837420000,2.94800000,2.95100000,2.94400000,2.94700000,1022.90000000,1629837479999,3015.77820000,18,101.10000000,298.24550000,0
1629837480000,2.94900000,2.94900000,2.94500000,2.94900000,239.30000000,1629837539999,705.05860000,8,77.50000000,228.54750000,0
1629837540000,2.94900000,2.95000000,2.94900000,2.94900000,614.10000000,1629837599999,1810.98490000,13,536.60000000,1582.43740000,0
1629837600000,2.94900000,2.95000000,2.94800000,2.94900000,605.30000000,1629837659999,1785.12400000,11,503.60000000,1485.24110000,0
1629837660000,2.94900000,2.94900000,2.94500000,2.94900000,808.90000000,1629837719999,2383.74480000,12,91.20000000,268.94880000,0
1629837720000,2.94900000,2.95200000,2.94700000,2.95200000,1073.60000000,1629837779999,3166.08500000,11,890.40000000,2625.94140000,0
1629837780000,2.95000000,2.95000000,2.94800000,2.94800000,31.50000000,1629837839999,92.92200000,2,0.00000000,0.00000000,0
1629837840000,2.94800000,2.94800000,2.94600000,2.94800000,682.60000000,1629837899999,2012.20500000,19,476.10000000,1403.45180000,0
1629837900000,2.94800000,2.95500000,2.94800000,2.95500000,1327.30000000,1629837959999,3914.63520000,14,1191.10000000,3512.94760000,0
1629837960000,2.95200000,2.95500000,2.95000000,2.95000000,429.00000000,1629838019999,1266.18870000,9,71.30000000,210.62020000,0
1629838020000,2.95000000,2.95700000,2.95000000,2.95400000,2274.30000000,1629838079999,6722.21610000,17,2093.00000000,6187.04810000,0
1629838080000,2.95500000,2.95600000,2.95100000,2.95100000,1500.70000000,1629838139999,4433.80130000,27,1016.50000000,3004.47660000,0
1629838140000,2.95500000,2.95500000,2.95000000,2.95300000,438.20000000,1629838199999,1293.71140000,6,327.40000000,966.85140000,0
1629838200000,2.95200000,2.95200000,2.95100000,2.95100000,824.40000000,1629838259999,2433.45050000,7,0.00000000,0.00000000,0
1629838260000,2.95200000,2.95600000,2.95100000,2.95600000,160.00000000,1629838319999,472.62510000,6,101.50000000,299.98330000,0
1629838320000,2.95100000,2.95700000,2.95000000,2.95700000,2609.90000000,1629838379999,7708.40590000,34,1858.70000000,5491.74270000,0
1629838380000,2.95300000,2.95700000,2.95200000,2.95600000,1077.10000000,1629838439999,3182.34400000,14,569.70000000,1684.04340000,0
1629838440000,2.95200000,2.95400000,2.95100000,2.95200000,992.80000000,1629838499999,2931.13130000,11,120.80000000,356.60160000,0
1629838500000,2.95200000,2.95500000,2.95100000,2.95300000,670.00000000,1629838559999,1978.01270000,13,601.00000000,1774.35450000,0
1629838560000,2.95300000,2.95800000,2.95100000,2.95100000,3394.00000000,1629838619999,10034.27550000,21,2642.10000000,7813.93160000,0
1629838620000,2.95200000,2.95900000,2.94200000,2.95100000,7856.10000000,1629838679999,23177.01330000,40,2423.90000000,7169.66590000,0
1629838680000,2.95100000,2.96000000,2.94800000,2.96000000,7280.40000000,1629838739999,21512.47060000,28,6427.20000000,18995.14350000,0
1629838740000,2.96000000,2.96000000,2.95300000,2.96000000,2692.40000000,1629838799999,7965.00030000,24,2200.90000000,6512.99710000,0
1629838800000,2.95700000,2.95700000,2.95300000,2.95600000,1228.60000000,1629838859999,3631.30300000,12,500.00000000,1478.00000000,0
1629838860000,2.95400000,2.95900000,2.95000000,2.95900000,1720.60000000,1629838919999,5083.25220000,22,344.10000000,1017.73810000,0
1629838920000,2.95900000,2.95900000,2.94800000,2.95200000,7648.30000000,1629838979999,22562.82530000,50,5562.60000000,16402.19950000,0
1629838980000,2.95200000,2.95200000,2.94700000,2.95200000,550.80000000,1629839039999,1624.28990000,10,154.10000000,454.88840000,0
1629839040000,2.95000000,2.95500000,2.95000000,2.95400000,1252.60000000,1629839099999,3697.66110000,13,1037.80000000,3063.79280000,0
1629839100000,2.95400000,2.95500000,2.95100000,2.95200000,1173.80000000,1629839159999,3466.95550000,17,782.70000000,2312.52830000,0
1629839160000,2.95500000,2.96400000,2.95500000,2.96100000,2074.70000000,1629839219999,6135.31300000,27,1623.20000000,4799.83110000,0
1629839220000,2.96200000,2.96400000,2.96000000,2.96200000,610.10000000,1629839279999,1807.11920000,19,121.30000000,359.52640000,0
1629839280000,2.96200000,2.96200000,2.96200000,2.96200000,96.30000000,1629839339999,285.24060000,3,0.00000000,0.00000000,0
1629839340000,2.96200000,2.96200000,2.95000000,2.95500000,3191.20000000,1629839399999,9446.75860000,19,256.60000000,759.01210000,0
1629839400000,2.95600000,2.95900000,2.95400000,2.95400000,1455.90000000,1629839459999,4302.58070000,33,945.40000000,2794.23050000,0
1629839460000,2.95700000,2.95700000,2.95300000,2.95700000,373.00000000,1629839519999,1101.67460000,13,34.50000000,102.01650000,0
1629839520000,2.95700000,2.95900000,2.95300000,2.95400000,444.80000000,1629839579999,1314.45070000,21,112.20000000,331.84120000,0
1629839580000,2.95800000,2.96700000,2.95400000,2.95400000,1898.20000000,1629839639999,5615.04710000,49,1022.10000000,3026.52710000,0
1629839640000,2.95800000,2.95900000,2.95500000,2.95500000,1394.20000000,1629839699999,4122.62060000,11,370.90000000,1097.04340000,0
1629839700000,2.95700000,2.95700000,2.94900000,2.94900000,1269.50000000,1629839759999,3746.41640000,18,120.70000000,356.81690000,0
1629839760000,2.94900000,2.95500000,2.94900000,2.95200000,777.30000000,1629839819999,2293.63020000,14,60.90000000,179.95950000,0
1629839820000,2.95500000,2.95600000,2.94500000,2.94500000,1064.10000000,1629839879999,3138.42810000,20,86.30000000,254.92200000,0
1629839880000,2.94500000,2.94800000,2.94000000,2.94000000,2011.80000000,1629839939999,5915.14670000,26,16.00000000,47.12560000,0
1629839940000,2.94000000,2.94700000,2.94000000,2.94700000,283.00000000,1629839999999,832.74880000,10,122.90000000,362.05480000,0
1629840000000,2.94800000,2.94800000,2.94300000,2.94500000,216.20000000,1629840059999,636.94840000,7,156.80000000,462.00060000,0
1629840060000,2.94500000,2.95400000,2.94500000,2.94700000,1542.00000000,1629840119999,4548.58340000,19,1084.70000000,3201.63070000,0
1629840120000,2.94700000,2.95100000,2.94700000,2.94700000,158.60000000,1629840179999,467.46520000,6,71.70000000,211.33990000,0
1629840180000,2.95100000,2.95400000,2.95100000,2.95100000,172.60000000,1629840239999,509.41490000,6,30.10000000,88.89740000,0
1629840240000,2.95400000,2.95500000,2.94700000,2.94700000,3455.00000000,1629840299999,10190.37250000,48,1213.50000000,3580.50950000,0
1629840300000,2.94700000,2.95100000,2.94500000,2.94500000,1519.90000000,1629840359999,4480.39120000,21,617.70000000,1821.43760000,0
1629840360000,2.94500000,2.94600000,2.94000000,2.94100000,2751.20000000,1629840419999,8096.05190000,26,1088.60000000,3205.23950000,0
1629840420000,2.94100000,2.95000000,2.94100000,2.94300000,1587.00000000,1629840479999,4678.06850000,9,1463.10000000,4313.57880000,0
1629840480000,2.94500000,2.95000000,2.94500000,2.94700000,1918.10000000,1629840539999,5655.51390000,12,1286.60000000,3794.75460000,0
1629840540000,2.94700000,2.94700000,2.94300000,2.94500000,313.30000000,1629840599999,922.81860000,8,41.10000000,121.10330000,0
1629840600000,2.94400000,2.94900000,2.94400000,2.94900000,331.10000000,1629840659999,975.58100000,7,206.10000000,607.55000000,0
1629840660000,2.94900000,2.94900000,2.94200000,2.94600000,2000.20000000,1629840719999,5892.81190000,16,290.00000000,854.54830000,0
1629840720000,2.94400000,2.96000000,2.94400000,2.96000000,22104.80000000,1629840779999,65290.88950000,60,14224.30000000,41970.38570000,0
1629840780000,2.95800000,2.97000000,2.95800000,2.96900000,7667.50000000,1629840839999,22743.94120000,68,5934.20000000,17606.76770000,0
1629840840000,2.96500000,2.96500000,2.95500000,2.95700000,4204.00000000,1629840899999,12445.90330000,49,1350.70000000,3999.79210000,0
1629840900000,2.95900000,2.95900000,2.95400000,2.95600000,423.40000000,1629840959999,1251.34800000,9,40.80000000,120.67500000,0
1629840960000,2.95400000,2.95900000,2.95400000,2.95900000,120.90000000,1629841019999,357.24510000,4,21.30000000,63.02670000,0
1629841020000,2.95700000,2.95700000,2.95700000,2.95700000,100.00000000,1629841079999,295.70000000,1,0.00000000,0.00000000,0
1629841080000,2.95700000,2.96000000,2.95700000,2.95900000,1475.80000000,1629841139999,4365.63240000,11,1384.40000000,4095.22760000,0
1629841140000,2.95700000,2.95900000,2.95700000,2.95900000,1041.80000000,1629841199999,3082.40640000,12,901.90000000,2668.72210000,0
1629841200000,2.95700000,2.95900000,2.95700000,2.95900000,135.10000000,1629841259999,399.57910000,6,44.20000000,130.78780000,0
1629841260000,2.95700000,2.95900000,2.95600000,2.95900000,1043.00000000,1629841319999,3084.18150000,8,31.10000000,92.02490000,0
1629841320000,2.95600000,2.97000000,2.95600000,2.96500000,3499.00000000,1629841379999,10368.74610000,19,3386.80000000,10036.28290000,0
1629841380000,2.96900000,2.98700000,2.96700000,2.97700000,10029.00000000,1629841439999,29839.53340000,101,8799.00000000,26182.68990000,0
1629841440000,2.97700000,2.97900000,2.97600000,2.97700000,1966.90000000,1629841499999,5856.43940000,15,990.40000000,2948.63220000,0
1629841500000,2.97600000,2.97700000,2.97300000,2.97600000,1275.20000000,1629841559999,3793.35250000,14,578.80000000,1722.18380000,0
1629841560000,2.97400000,2.97500000,2.97300000,2.97300000,191.10000000,1629841619999,568.32990000,9,14.90000000,44.31110000,0
1629841620000,2.97300000,2.97300000,2.94400000,2.94900000,7531.20000000,1629841679999,22234.51300000,98,1711.00000000,5040.90580000,0
1629841680000,2.94600000,2.94900000,2.94500000,2.94700000,471.90000000,1629841739999,1390.33850000,9,3.30000000,9.73170000,0
1629841740000,2.94700000,2.95100000,2.94700000,2.94900000,3233.50000000,1629841799999,9537.42990000,28,2005.50000000,5915.58890000,0
1629841800000,2.94600000,2.95000000,2.93000000,2.93300000,15076.60000000,1629841859999,44299.29130000,103,4855.80000000,14295.02160000,0
1629841860000,2.93300000,2.93500000,2.92400000,2.92500000,4550.10000000,1629841919999,13329.89940000,33,513.00000000,1502.88730000,0
1629841920000,2.92300000,2.92700000,2.91800000,2.92100000,1469.10000000,1629841979999,4290.94550000,24,853.40000000,2492.85460000,0
1629841980000,2.92200000,2.92300000,2.91000000,2.91800000,12673.40000000,1629842039999,36943.79070000,67,3937.00000000,11489.17320000,0
1629842040000,2.91700000,2.91700000,2.90900000,2.91500000,9005.00000000,1629842099999,26214.24340000,41,6520.60000000,18976.00240000,0
1629842100000,2.91300000,2.91600000,2.91000000,2.91400000,5456.30000000,1629842159999,15887.18270000,53,2316.20000000,6745.86290000,0
1629842160000,2.91500000,2.92300000,2.91400000,2.92200000,5081.50000000,1629842219999,14847.69970000,39,4075.30000000,11908.55250000,0
1629842220000,2.92200000,2.93000000,2.91700000,2.92800000,2197.20000000,1629842279999,6431.94080000,44,982.10000000,2874.79720000,0
1629842280000,2.92700000,2.95000000,2.92600000,2.94600000,3089.40000000,1629842339999,9087.24390000,73,2845.90000000,8373.47940000,0
1629842340000,2.95000000,2.96400000,2.94800000,2.96000000,4720.90000000,1629842399999,13969.18630000,55,1393.70000000,4121.50330000,0
1629842400000,2.96400000,2.96700000,2.95400000,2.95400000,2944.00000000,1629842459999,8716.11600000,39,858.10000000,2544.87160000,0
1629842460000,2.95400000,2.95400000,2.93800000,2.93800000,1402.60000000,1629842519999,4133.50770000,47,278.80000000,821.04440000,0
1629842520000,2.93700000,2.93800000,2.93000000,2.93400000,1890.00000000,1629842579999,5544.33960000,26,1628.00000000,4776.05600000,0
1629842580000,2.93100000,2.94300000,2.93000000,2.93600000,1378.70000000,1629842639999,4048.96360000,20,671.00000000,1971.05020000,0
1629842640000,2.93700000,2.95200000,2.93700000,2.95100000,804.30000000,1629842699999,2367.50290000,17,524.50000000,1543.79470000,0
1629842700000,2.94900000,2.95200000,2.94800000,2.94800000,563.00000000,1629842759999,1660.74970000,10,244.00000000,720.28800000,0
1629842760000,2.94800000,2.95100000,2.94800000,2.94800000,251.40000000,1629842819999,741.31680000,7,63.20000000,186.50320000,0
1629842820000,2.94800000,2.95100000,2.94700000,2.95100000,512.10000000,1629842879999,1510.60030000,6,374.80000000,1105.84700000,0
1629842880000,2.94800000,2.95100000,2.94800000,2.95000000,191.90000000,1629842939999,566.11160000,5,151.90000000,448.15160000,0
1629842940000,2.94700000,2.95100000,2.94700000,2.95100000,37.40000000,1629842999999,110.30580000,3,22.00000000,64.92200000,0
1629843000000,2.95100000,2.95100000,2.94800000,2.94800000,1295.10000000,1629843059999,3820.89330000,13,832.70000000,2457.29770000,0
1629843060000,2.95300000,2.95300000,2.94500000,2.94900000,3241.00000000,1629843119999,9556.70560000,34,1652.70000000,4874.26670000,0
1629843120000,2.94500000,2.94800000,2.94400000,2.94700000,761.00000000,1629843179999,2241.53780000,12,491.30000000,1447.33230000,0
1629843180000,2.94300000,2.94700000,2.94300000,2.94500000,163.70000000,1629843239999,481.95650000,10,60.00000000,176.70380000,0
1629843240000,2.94200000,2.94500000,2.94200000,2.94400000,201.90000000,1629843299999,594.24550000,7,114.40000000,336.82050000,0
1629843300000,2.94200000,2.94500000,2.94200000,2.94500000,60.50000000,1629843359999,178.12370000,7,48.30000000,142.23130000,0
1629843360000,2.94400000,2.96000000,2.94400000,2.96000000,5105.60000000,1629843419999,15079.14550000,44,5101.70000000,15067.66390000,0
1629843420000,2.96200000,2.96400000,2.96100000,2.96300000,359.80000000,1629843479999,1065.82080000,17,219.50000000,650.39250000,0
1629843480000,2.95900000,2.96300000,2.95800000,2.96300000,732.90000000,1629843539999,2170.48490000,15,168.80000000,500.15440000,0
1629843540000,2.96300000,2.97700000,2.96300000,2.97600000,6430.80000000,1629843599999,19102.37530000,51,6181.90000000,18363.54840000,0
1629843600000,2.97300000,2.97600000,2.97300000,2.97600000,52.70000000,1629843659999,156.72600000,3,0.00000000,0.00000000,0
1629843660000,2.97300000,2.97600000,2.97300000,2.97600000,1885.20000000,1629843719999,5607.80320000,14,1022.20000000,3042.06720000,0
1629843720000,2.97300000,2.97600000,2.97300000,2.97300000,949.00000000,1629843779999,2822.36290000,11,216.60000000,644.60160000,0
1629843780000,2.97300000,2.97400000,2.96800000,2.97100000,1294.50000000,1629843839999,3846.86700000,26,108.50000000,322.46920000,0
1629843840000,2.97100000,2.97200000,2.96800000,2.96800000,921.80000000,1629843899999,2738.66940000,21,846.40000000,2514.67620000,0
1629843900000,2.97100000,2.97200000,2.96200000,2.96200000,1903.60000000,1629843959999,5653.16400000,16,1626.40000000,4830.73860000,0
1629843960000,2.96300000,2.96300000,2.96100000,2.96100000,878.70000000,1629844019999,2602.16310000,11,176.30000000,522.35670000,0
1629844020000,2.96100000,2.96700000,2.96000000,2.96700000,2388.60000000,1629844079999,7077.35640000,25,2329.20000000,6901.53240000,0
1629844080000,2.96300000,2.96800000,2.96000000,2.96000000,1006.90000000,1629844139999,2983.15160000,16,368.90000000,1094.30310000,0
1629844140000,2.96200000,2.96300000,2.96100000,2.96300000,55.20000000,1629844199999,163.45960000,4,7.90000000,23.40430000,0
1629844200000,2.96300000,2.96300000,2.96100000,2.96100000,394.80000000,1629844259999,1169.72060000,7,337.60000000,1000.30880000,0
1629844260000,2.96300000,2.96300000,2.96000000,2.96200000,103.00000000,1629844319999,305.03370000,8,37.00000000,109.62770000,0
1629844320000,2.96000000,2.96000000,2.95900000,2.95900000,398.00000000,1629844379999,1177.72530000,7,0.00000000,0.00000000,0
1629844380000,2.95800000,2.95900000,2.95700000,2.95700000,249.90000000,1629844439999,739.05530000,9,40.50000000,119.83950000,0
1629844440000,2.95700000,2.95700000,2.94700000,2.95000000,4310.90000000,1629844499999,12727.86640000,41,23.60000000,69.73130000,0
1629844500000,2.94600000,2.94600000,2.94100000,2.94400000,510.10000000,1629844559999,1501.60150000,19,42.10000000,123.94780000,0
1629844560000,2.94200000,2.94200000,2.94000000,2.94000000,291.00000000,1629844619999,855.78200000,11,31.00000000,91.14000000,0
1629844620000,2.94000000,2.94000000,2.93700000,2.93800000,1286.30000000,1629844679999,3780.23780000,21,631.00000000,1854.35660000,0
1629844680000,2.93700000,2.94000000,2.93600000,2.93700000,1350.90000000,1629844739999,3969.94590000,20,1231.90000000,3620.49390000,0
1629844740000,2.93400000,2.93700000,2.93300000,2.93400000,1403.80000000,1629844799999,4117.86140000,13,70.00000000,205.36840000,0
1629844800000,2.93400000,2.94100000,2.93400000,2.94100000,1243.60000000,1629844859999,3654.04170000,13,1025.80000000,3015.01650000,0
1629844860000,2.93800000,2.93900000,2.93500000,2.93800000,1094.40000000,1629844919999,3215.75220000,11,1034.00000000,3038.47820000,0
1629844920000,2.93600000,2.95000000,2.93600000,2.94800000,4739.40000000,1629844979999,13965.35760000,32,3280.00000000,9661.98980000,0
1629844980000,2.94200000,2.94200000,2.93800000,2.93800000,1369.60000000,1629845039999,4026.33290000,11,1011.30000000,2972.45910000,0
1629845040000,2.93900000,2.95400000,2.93900000,2.94300000,5903.40000000,1629845099999,17399.16630000,21,5604.00000000,16518.74480000,0
1629845100000,2.94200000,2.94200000,2.94200000,2.94200000,302.70000000,1629845159999,890.54340000,3,0.00000000,0.00000000,0
1629845160000,2.94500000,2.94900000,2.94400000,2.94900000,951.30000000,1629845219999,2803.16290000,17,551.70000000,1626.52620000,0
1629845220000,2.94800000,2.94900000,2.94300000,2.94900000,1365.80000000,1629845279999,4020.93820000,14,181.70000000,535.69580000,0
1629845280000,2.94800000,2.94900000,2.94300000,2.94900000,4529.50000000,1629845339999,13348.98370000,15,1024.60000000,3020.26670000,0
1629845340000,2.94800000,2.94800000,2.94400000,2.94400000,262.80000000,1629845399999,773.83560000,4,38.10000000,112.31880000,0
1629845400000,2.94400000,2.94400000,2.93500000,2.93500000,1105.70000000,1629845459999,3247.72980000,27,25.50000000,75.07200000,0
1629845460000,2.93600000,2.93600000,2.93600000,2.93600000,55.00000000,1629845519999,161.48000000,3,0.00000000,0.00000000,0
1629845520000,2.94000000,2.94000000,2.93500000,2.93800000,367.10000000,1629845579999,1077.79500000,7,41.90000000,123.17720000,0
1629845580000,2.93500000,2.93500000,2.93300000,2.93300000,1246.90000000,1629845639999,3657.36030000,12,24.10000000,70.70940000,0
1629845640000,2.93100000,2.93400000,2.92600000,2.93400000,514.00000000,1629845699999,1505.30420000,27,91.60000000,268.58140000,0
1629845700000,2.93500000,2.93500000,2.93000000,2.93400000,262.80000000,1629845759999,770.65960000,9,105.20000000,308.66400000,0
1629845760000,2.93100000,2.93900000,2.93100000,2.93200000,256.80000000,1629845819999,754.07990000,7,172.50000000,506.91700000,0
1629845820000,2.93200000,2.93200000,2.93100000,2.93100000,218.50000000,1629845879999,640.63950000,7,0.00000000,0.00000000,0
1629845880000,2.93200000,2.93600000,2.93200000,2.93600000,31.50000000,1629845939999,92.44160000,4,20.90000000,61.36240000,0
1629845940000,2.93800000,2.93800000,2.93700000,2.93700000,5471.20000000,1629845999999,16074.35280000,6,379.70000000,1115.52580000,0
1629846000000,2.93500000,2.93500000,2.93000000,2.93000000,870.30000000,1629846059999,2552.50060000,13,28.80000000,84.41280000,0
1629846060000,2.93200000,2.93700000,2.93200000,2.93700000,957.60000000,1629846119999,2810.78860000,6,681.60000000,2001.51820000,0
1629846120000,2.93400000,2.93900000,2.93400000,2.93600000,1130.10000000,1629846179999,3318.46610000,16,467.00000000,1372.01570000,0
1629846180000,2.93600000,2.93700000,2.93300000,2.93300000,2213.30000000,1629846239999,6496.55250000,10,249.80000000,733.40230000,0
1629846240000,2.93300000,2.93700000,2.93300000,2.93300000,475.40000000,1629846299999,1394.75170000,7,100.10000000,293.98570000,0
1629846300000,2.93300000,2.93400000,2.93300000,2.93300000,1252.10000000,1629846359999,3672.41930000,10,622.60000000,1826.09580000,0
1629846360000,2.93300000,2.93600000,2.93000000,2.93600000,1589.80000000,1629846419999,4661.37360000,14,523.50000000,1535.13280000,0
1629846420000,2.93300000,2.93700000,2.93200000,2.93700000,2101.60000000,1629846479999,6164.43920000,9,486.30000000,1427.92240000,0
1629846480000,2.93700000,2.95100000,2.93500000,2.94500000,11117.10000000,1629846539999,32722.20870000,42,9740.60000000,28678.48570000,0
1629846540000,2.94500000,2.97400000,2.94500000,2.97000000,11574.40000000,1629846599999,34273.52640000,119,10296.50000000,30496.10660000,0
1629846600000,2.97000000,2.97100000,2.96600000,2.96600000,1717.70000000,1629846659999,5098.18480000,22,1267.90000000,3763.43360000,0
1629846660000,2.96900000,2.96900000,2.96300000,2.96300000,1185.90000000,1629846719999,3515.45540000,11,805.80000000,2388.54240000,0
1629846720000,2.96200000,2.96600000,2.96200000,2.96200000,1528.00000000,1629846779999,4527.43360000,28,903.70000000,2678.25700000,0
1629846780000,2.96200000,2.96300000,2.96000000,2.96000000,212.60000000,1629846839999,629.52240000,11,49.00000000,145.18700000,0
1629846840000,2.96000000,2.96000000,2.95600000,2.95900000,905.10000000,1629846899999,2677.49540000,17,337.80000000,999.55020000,0
1629846900000,2.95900000,2.96000000,2.95300000,2.95300000,1543.50000000,1629846959999,4559.73300000,16,49.80000000,147.40370000,0
1629846960000,2.95300000,2.96200000,2.95100000,2.95400000,5205.20000000,1629847019999,15374.02190000,17,2677.20000000,7909.45570000,0
1629847020000,2.95400000,2.95600000,2.95400000,2.95400000,273.60000000,1629847079999,808.23660000,5,11.10000000,32.81160000,0
1629847080000,2.95400000,2.95700000,2.95300000,2.95700000,178.90000000,1629847139999,528.83020000,9,171.90000000,508.15920000,0
1629847140000,2.95700000,2.95700000,2.95300000,2.95300000,223.70000000,1629847199999,660.59970000,5,3.40000000,10.05380000,0
1629847200000,2.95300000,2.95300000,2.93600000,2.93600000,5693.20000000,1629847259999,16779.15970000,51,263.70000000,775.59890000,0
1629847260000,2.93400000,2.93500000,2.92000000,2.92200000,10391.00000000,1629847319999,30402.67430000,51,118.00000000,345.62630000,0
1629847320000,2.92000000,2.92000000,2.90800000,2.91400000,4904.30000000,1629847379999,14294.04600000,59,789.30000000,2298.60450000,0
1629847380000,2.91400000,2.92100000,2.91400000,2.91700000,1007.20000000,1629847439999,2938.09690000,15,878.10000000,2561.41230000,0
1629847440000,2.92100000,2.92100000,2.91800000,2.92100000,97.90000000,1629847499999,285.84260000,6,33.30000000,97.26930000,0
1629847500000,2.92300000,2.92500000,2.90700000,2.92000000,7248.80000000,1629847559999,21133.82910000,49,2019.30000000,5896.36460000,0
1629847560000,2.91300000,2.91900000,2.91300000,2.91900000,42.00000000,1629847619999,122.54640000,3,0.00000000,0.00000000,0
1629847620000,2.91300000,2.92200000,2.91200000,2.91400000,2112.70000000,1629847679999,6164.73950000,32,1714.40000000,5004.71170000,0
1629847680000,2.92000000,2.92100000,2.92000000,2.92100000,782.20000000,1629847739999,2284.74410000,8,214.90000000,627.66080000,0
1629847740000,2.92100000,2.92500000,2.92100000,2.92500000,106.40000000,1629847799999,310.80800000,3,3.40000000,9.94500000,0
1629847800000,2.92100000,2.92500000,2.92000000,2.92500000,569.30000000,1629847859999,1664.04680000,10,286.50000000,838.01250000,0
1629847860000,2.92100000,2.93800000,2.92100000,2.93500000,875.80000000,1629847919999,2567.49580000,25,853.40000000,2501.99260000,0
1629847920000,2.93600000,2.94100000,2.93300000,2.93700000,585.00000000,1629847979999,1719.11150000,12,412.80000000,1213.54550000,0
1629847980000,2.93700000,2.93700000,2.93700000,2.93700000,157.20000000,1629848039999,461.69640000,3,0.00000000,0.00000000,0
1629848040000,2.93700000,2.95200000,2.91000000,2.94000000,48293.20000000,1629848099999,141512.06890000,212,18665.10000000,54647.68100000,0
1629848100000,2.93900000,2.94200000,2.91900000,2.93500000,7234.60000000,1629848159999,21187.60780000,96,2903.20000000,8495.26710000,0
1629848160000,2.93600000,2.93700000,2.92900000,2.92900000,2157.40000000,1629848219999,6323.86830000,23,42.80000000,125.66740000,0
1629848220000,2.92900000,2.93500000,2.92900000,2.93400000,969.00000000,1629848279999,2841.78190000,6,784.10000000,2300.20980000,0
1629848280000,2.93000000,2.93400000,2.93000000,2.93000000,91.00000000,1629848339999,266.65040000,4,5.10000000,14.96340000,0
1629848340000,2.93000000,2.93000000,2.93000000,2.93000000,355.50000000,1629848399999,1041.61500000,6,90.30000000,264.57900000,0
1629848400000,2.93000000,2.93000000,2.92500000,2.92700000,8829.30000000,1629848459999,25860.91080000,14,412.20000000,1207.27770000,0
1629848460000,2.92200000,2.92200000,2.91600000,2.91600000,937.30000000,1629848519999,2736.76370000,16,268.30000000,783.31510000,0
1629848520000,2.91500000,2.91500000,2.90900000,2.91000000,623.70000000,1629848579999,1815.43590000,19,145.00000000,421.99300000,0
1629848580000,2.90800000,2.90800000,2.90300000,2.90400000,820.60000000,1629848639999,2383.47770000,19,171.20000000,497.18660000,0
1629848640000,2.90400000,2.90600000,2.90000000,2.90200000,11972.50000000,1629848699999,34725.25530000,50,227.20000000,659.84490000,0
1629848700000,2.90100000,2.90500000,2.90100000,2.90200000,459.80000000,1629848759999,1334.17540000,5,70.10000000,203.64050000,0
1629848760000,2.90200000,2.90500000,2.90100000,2.90500000,261.50000000,1629848819999,758.77040000,6,34.10000000,99.06050000,0
1629848820000,2.90200000,2.90500000,2.90200000,2.90500000,1153.40000000,1629848879999,3347.42810000,10,1119.30000000,3248.46990000,0
1629848880000,2.90300000,2.90500000,2.90300000,2.90300000,1713.90000000,1629848939999,4975.73640000,14,192.30000000,558.53160000,0
1629848940000,2.90300000,2.91100000,2.90000000,2.90000000,10197.00000000,1629848999999,29585.69060000,50,1791.40000000,5206.58310000,0
1629849000000,2.89900000,2.90100000,2.88000000,2.88000000,23598.10000000,1629849059999,68120.58100000,213,2521.00000000,7286.21090000,0
1629849060000,2.88000000,2.89500000,2.88000000,2.89100000,4225.00000000,1629849119999,12191.26870000,45,1831.70000000,5295.21990000,0
1629849120000,2.89000000,2.89500000,2.88900000,2.89500000,1222.20000000,1629849179999,3533.92180000,15,295.10000000,853.72390000,0
1629849180000,2.89400000,2.89400000,2.88900000,2.89000000,1512.80000000,1629849239999,4373.60170000,17,904.40000000,2615.01520000,0
1629849240000,2.89000000,2.89300000,2.88800000,2.88800000,447.10000000,1629849299999,1291.84440000,10,216.60000000,625.99050000,0
1629849300000,2.88900000,2.89300000,2.88900000,2.89300000,285.90000000,1629849359999,826.11240000,8,11.00000000,31.82300000,0
1629849360000,2.89000000,2.89300000,2.88900000,2.89000000,81.70000000,1629849419999,236.19970000,9,27.60000000,79.84680000,0
1629849420000,2.89000000,2.89300000,2.88900000,2.89000000,1274.10000000,1629849479999,3682.51040000,10,177.20000000,512.63960000,0
1629849480000,2.89000000,2.89400000,2.88900000,2.88900000,1192.30000000,1629849539999,3448.44170000,15,853.70000000,2469.26250000,0
1629849540000,2.89000000,2.90000000,2.89000000,2.89700000,2054.60000000,1629849599999,5947.83460000,22,1733.50000000,5018.52700000,0
